{
    "rep": "8.2 -6.06 -72.92 -20.02 55.01 77.72 -87.49 14.99 -77.83 -51.01 -3.55 -5.52 10.41 -56.53 40.27 4.09 -0 -3.55 4.18 22.54 -80.99 52.49 -5.15 0",
    "body": "-0.10842 -0.994001 -0.0143906 0 0.990829 -0.109226 0.0795506 0 -0.0806452 -0.00563375 0.996727 0 -14.5057 5.47707e-05 0.356331 1",
    "thigh": "-0.162702 -0.983657 0.0771171 0 0.944929 -0.132847 0.299099 0 -0.283966 0.121534 0.951101 0 -14.4914 -0.0590714 0.204923 1",
    "shank": "-0.162929 -0.983621 0.0771021 0 0.757979 -0.174812 -0.628418 0 0.631603 -0.0439456 0.774045 0 -14.4943 -0.0679076 0.0860024 1",
    "foot": "-0.16116 -0.986913 0.0054862 0 0.986732 -0.161015 0.0208335 0 -0.0196775 0.00877094 0.999768 0 -14.5239 -0.0663847 0.00992031 1",
    "shoulder": "-0.22763 -0.924319 0.3063 0 0.308688 -0.366832 -0.87758 0 0.923524 -0.105213 0.368829 0 -14.5184 -0.114443 0.414918 1",
    "arm": "0.109532 -0.443956 -0.889329 0 0.933537 0.353194 -0.0613392 0 0.341338 -0.823502 0.453136 0 -14.4371 -0.114226 0.348168 1", 
    "head": "0.0342588 -0.999408 -0.00311014 0 0.9991 0.0343258 -0.0249089 0 0.025001 -0.00225399 0.999685 0 -14.5176 -0.000805287 0.511043 1"
}