(
    (FieldLength 30)(FieldWidth 20)(FieldHeight 40)(GoalWidth 2.1)(GoalDepth 0.6)(GoalHeight 0.8)(BorderSize 0)(FreeKickDistance 2)(WaitBeforeKickOff 30)(AgentRadius 0.4)(BallRadius 0.042)(BallMass 0.026)(RuleGoalPauseTime 3)(RuleKickInPauseTime 1)(RuleHalfTime 300)(PassModeMinOppBallDist 1)(PassModeDuration 4)(play_modes BeforeKickOff KickOff_Left KickOff_Right PlayOn KickIn_Left KickIn_Right corner_kick_left corner_kick_right goal_kick_left goal_kick_right offside_left offside_right GameOver Goal_Left Goal_Right free_kick_left free_kick_right direct_free_kick_left direct_free_kick_right pass_left pass_right)(time 221.31)(team_left magmaOffenburg)(team_right UTAustinVilla)(half 1)(score_left 0)(score_right 1)(play_mode 3)(pass_mode_score_wait_left 5.53905)
)
(RSG 0 1)
(
    (nd TRF 
        (SLT 1 0 0 0 0 1 0 0 0 0 1 0 -10 10 10 1)
        (nd Light (setDiffuse 1 1 1 1) (setAmbient 0.8 0.8 0.8 1) (setSpecular 0.1 0.1 0.1 1))
    )
    (nd TRF (SLT 1 0 0 0 0 1 0 0 0 0 1 0 10 -10 10 1)(nd Light (setDiffuse 1 1 1 1) (setAmbient 0 0 0 1) (setSpecular 0.1 0.1 0.1 1)))
    (nd TRF 
        (SLT -1 -8.74228e-08 -3.82137e-15 0 0 -4.37114e-08 1 0 -8.74228e-08 1 4.37114e-08 -0 0 0 0 1)
        (nd StaticMesh 
            (setVisible 1) (load models/naosoccerfield.obj) (sSc 2.5 1 2.5)(resetMaterials None_rcs-naofield.png)
        )
    )
    (nd TRF 
        (SLT -1 -8.74228e-08 -3.82137e-15 0 0 -4.37114e-08 1 0 -8.74228e-08 1 4.37114e-08 -0 0 0 0 1)
        (nd StaticMesh 
            (setVisible 1) (load models/skybox.obj) (sSc 10 10 10)
            (resetMaterials Material_skyrender_0001.tif Material_skyrender_0002.tif Material_skyrender_0003.tif Material_skyrender_0004.tif Material_skyrender_0005.tif Material_skyrender_0006.tif)
        )
    )
    (nd TRF 
        (SLT 1 0 0 0 0 1 0 0 0 0 1 0 -15.3 0 0.4 1)
        (nd TRF 
            (SLT -4.37114e-08 1 4.37114e-08 0 0 -4.37114e-08 1 0 1 4.37114e-08 1.91069e-15 0 0.3 0 -0.4 1)
            (nd StaticMesh 
                (setVisible 1) (setTransparent) (load models/leftsoccergoal.obj) (sSc 2.18 0.88 0.68)(resetMaterials naogoalnet yellow)
            )
        )
        (nd TRF 
            (SLT 1 0 0 0 0 1 0 0 0 0 1 0 0 -1.07 0 1)
        )
        (nd TRF (SLT 1 0 0 0 0 1 0 0 0 0 1 0 0 1.07 0 1))
        (nd TRF (SLT 1 0 0 0 0 1 0 0 0 0 1 0 -0.28 0 0 1))
        (nd TRF (SLT 1 0 0 0 0 1 0 0 0 0 1 0 0 0 0.42 1))
        (nd TRF (SLT 1 0 0 0 0 1 0 0 0 0 1 0 0.3 1.05 0.4 1))
        (nd TRF (SLT 1 0 0 0 0 1 0 0 0 0 1 0 0.3 -1.05 0.4 1))
    )
    (nd TRF 
        (SLT -1 -8.74228e-08 -0 -0 8.74228e-08 -1 0 0 0 0 1 0 15.3 0 0.4 1)
        (nd TRF 
            (SLT -4.37114e-08 1 4.37114e-08 0 0 -4.37114e-08 1 0 1 4.37114e-08 1.91069e-15 0 0.3 0 -0.4 1)
            (nd StaticMesh 
                (setVisible 1) (setTransparent) (load models/rightsoccergoal.obj) (sSc 2.18 0.88 0.68)(resetMaterials naogoalnet sky-blue)
            )
        )
        (nd TRF (SLT 1 0 0 0 0 1 0 0 0 0 1 0 0 -1.07 0 1))
        (nd TRF (SLT 1 0 0 0 0 1 0 0 0 0 1 0 0 1.07 0 1))
        (nd TRF (SLT 1 0 0 0 0 1 0 0 0 0 1 0 -0.28 0 0 1))
        (nd TRF (SLT 1 0 0 0 0 1 0 0 0 0 1 0 0 0 0.42 1))
        (nd TRF (SLT 1 0 0 0 0 1 0 0 0 0 1 0 0.3 1.05 0.4 1))
        (nd TRF (SLT 1 0 0 0 0 1 0 0 0 0 1 0 0.3 -1.05 0.4 1))
    )
    (nd TRF 
        (SLT 1 0 0 0 0 1 0 0 0 0 1 0 -24.99 0 0 1)
        (nd SMN 
            (setVisible 1) (load StdUnitBox) (sSc 1 51 1) (sMat matGrey)
        )
    )
    (nd TRF 
        (SLT 1 0 0 0 0 1 0 0 0 0 1 0 24.99 0 0 1)
        (nd SMN 
            (setVisible 1) (load StdUnitBox) (sSc 1 51 1) (sMat matGrey)
        )
    )
    (nd TRF 
        (SLT 1 0 0 0 0 1 0 0 0 0 1 0 0 25 0 1)
        (nd SMN 
            (setVisible 1) (load StdUnitBox) (sSc 50.98 1 1) (sMat matGrey)
        )
    )
    (nd TRF 
        (SLT 1 0 0 0 0 1 0 0 0 0 1 0 0 -25 0 1)
        (nd SMN 
            (setVisible 1) (load StdUnitBox) (sSc 50.98 1 1) (sMat matGrey)
        )
    )
    (nd TRF (SLT 1 0 0 0 0 1 0 0 0 0 1 0 -15 10 0 1))
    (nd TRF (SLT 1 0 0 0 0 1 0 0 0 0 1 0 -15 -10 0 1))
    (nd TRF (SLT 1 0 0 0 0 1 0 0 0 0 1 0 15 10 0 1))
    (nd TRF (SLT 1 0 0 0 0 1 0 0 0 0 1 0 15 -10 0 1))
    (nd TRF (SLT 1 0 0 0 0 1 0 0 0 0 1 0 0 0 0 1))
    (nd TRF (SLT 1 0 0 0 0 1 0 0 0 0 1 0 0 0 0 1))
    (nd TRF (SLT 1 0 0 0 0 1 0 0 0 0 1 0 0 0 0 1))
    (nd TRF (SLT 1 0 0 0 0 1 0 0 0 0 1 0 0 0 0 1))
    (nd TRF (SLT 1 0 0 0 0 1 0 0 0 0 1 0 0 0 0 1))
    (nd TRF (SLT 1 0 0 0 0 1 0 0 0 0 1 0 0 0 0 1))
    (nd TRF (SLT 1 0 0 0 0 1 0 0 0 0 1 0 0 0 0 1))
    (nd TRF (SLT 1 0 0 0 0 1 0 0 0 0 1 0 0 0 0 1))
    (nd TRF (SLT 1 0 0 0 0 1 0 0 0 0 1 0 0 0 0 1))
    (nd TRF (SLT 1 0 0 0 0 1 0 0 0 0 1 0 0 0 0 1))
    (nd TRF (SLT 1 0 0 0 0 1 0 0 0 0 1 0 0 0 0 1))
    (nd TRF (SLT 1 0 0 0 0 1 0 0 0 0 1 0 0 0 0 1))
    (nd TRF (SLT 1 0 0 0 0 1 0 0 0 0 1 0 0 0 0 1))
    (nd TRF (SLT 1 0 0 0 0 1 0 0 0 0 1 0 0 0 0 1))
    (nd TRF (SLT 1 0 0 0 0 1 0 0 0 0 1 0 0 0 0 1))
    (nd TRF (SLT 1 0 0 0 0 1 0 0 0 0 1 0 0 0 0 1))
    (nd TRF (SLT 1 0 0 0 0 1 0 0 0 0 1 0 0 0 0 1))
    (nd TRF (SLT 1 0 0 0 0 1 0 0 0 0 1 0 0 0 0 1))
    (nd TRF (SLT 1 0 0 0 0 1 0 0 0 0 1 0 0 0 0 1))
    (nd TRF (SLT 1 0 0 0 0 1 0 0 0 0 1 0 0 0 0 1))
    (nd TRF (SLT 1 0 0 0 0 1 0 0 0 0 1 0 0 0 0 1))
    (nd TRF 
        (SLT -0.186617 0.708732 0.680347 0 -0.44076 0.558508 -0.702709 0 -0.878012 -0.431007 0.208154 0 4.62257 -1.40172 0.0402713 1)
        (nd StaticMesh 
            (setVisible 1) 
            (load models/soccerball.obj) 
            (sSc 0.042 0.042 0.042)
            (resetMaterials soccerball_rcs-soccerball.png)
        )
    )
(nd TRF 
    (SLT 1 0 0 0 0 1 0 0 0 0 1 0 0 0 0 1)
    (nd TRF 
        (SLT -0.0774035 -0.996818 0.0190369 0 0.995436 -0.0761989 0.0574576 0 -0.0558242 0.0233975 0.998166 0 -14.4442 -0.0307899 0.354848 1)
        (nd TRF (SLT -1 3.82137e-15 8.74228e-08 -0 8.74228e-08 4.37114e-08 1 0 0 1 -4.37114e-08 0 0 0 0 1)
        (nd StaticMesh 
            (setVisible 1) 
            (load models/naobody4.obj) 
            (sSc 0.1 0.1 0.1)
            (resetMaterials matNum1 matLeft naowhite)
        )
    )
    (nd TRF (SLT 1 0 0 0 0 1 0 0 0 0 1 0 0 0 0 1)(nd SMN (setVisible 0) (setTransparent) (load StdUnitCylinder 1 1) (sSc 0.2 0.2 0.02) (sMat matSelect))))
    (nd TRF (SLT -0.0675149 -0.99753 0.0193857 0 0.996144 -0.0663047 0.0574443 0 -0.056017 0.0231893 0.99816 0 -14.4492 -0.028653 0.444763 1)(nd SMN (setVisible 1) (load StdCapsule 0.015 0.08) (sSc 1 1 1) (sMat matDarkGrey)))
    (nd TRF (SLT -0.0677883 -0.997499 0.0200354 0 0.997345 -0.0682863 -0.0253152 0 0.02662 0.0182661 0.999479 0 -14.4524 -0.0271307 0.509715 1)
    (nd TRF (SLT -1 3.82137e-15 8.74228e-08 -0 8.74228e-08 4.37114e-08 1 0 0 1 -4.37114e-08 0 0 0 0 1)(nd StaticMesh (setVisible 1) (load models/naohead.obj) (sSc 0.1 0.1 0.1)(resetMaterials matLeft naoblack naogrey naowhite))))
    (nd TRF (SLT -0.0781275 -0.996778 0.0181583 0 0.0973476 -0.0257545 -0.994917 0 0.992179 -0.0759627 0.099046 0 -14.456 -0.126745 0.431613 1)(nd SMN (setVisible 1) (load StdUnitSphere) (sSc 0.01 0.01 0.01) (sMat matYellow)))
    (nd TRF (SLT -0.100118 -0.956244 0.274908 0 0.0745081 -0.282726 -0.956303 0 0.992182 -0.0752598 0.0995538 0 -14.4554 -0.142001 0.414985 1)(nd StaticMesh (setVisible 1) (load models/rupperarm4.obj) (sSc 0.07 0.07 0.07)(resetMaterials matLeft naowhite)))
    (nd TRF (SLT -0.996261 -0.0569302 -0.0649781 0 0.0780263 -0.270112 -0.959662 0 0.0370824 -0.961144 0.273545 0 -14.4397 -0.152984 0.345119 1)(nd SMN (setVisible 1) (load StdUnitSphere) (sSc 0.01 0.01 0.01) (sMat matYellow)))
    (nd TRF (SLT -0.434787 -0.268004 -0.859729 0 0.899983 -0.0959387 -0.425238 0 0.031484 -0.958629 0.282912 0 -14.3921 -0.158125 0.323816 1)(nd StaticMesh (setVisible 1) (load models/rlowerarm.obj) (sSc 0.05 0.05 0.05)(resetMaterials matLeft naowhite)))
    (nd TRF (SLT -0.0765689 -0.996866 0.0198951 0 0.178228 -0.0333164 -0.983425 0 0.981006 -0.0717539 0.18022 0 -14.4408 0.068727 0.427939 1)(nd SMN (setVisible 1) (load StdUnitSphere) (sSc 0.01 0.01 0.01) (sMat matYellow)))
    (nd TRF (SLT -0.0124597 -0.947926 -0.318247 0 0.194591 0.309888 -0.930647 0 0.980805 -0.0735234 0.180596 0 -14.4368 0.084399 0.412213 1)(nd StaticMesh (setVisible 1) (load models/lupperarm4.obj) (sSc 0.07 0.07 0.07)(resetMaterials matLeft naowhite)))
    (nd TRF (SLT 0.921037 -0.382731 0.0721668 0 0.19623 0.295955 -0.934829 0 0.336429 0.875173 0.347689 0 -14.4143 0.0958787 0.344179 1)(nd SMN (setVisible 1) (load StdUnitSphere) (sSc 0.01 0.01 0.01) (sMat matYellow)))
    (nd TRF (SLT -0.0106517 -0.373337 0.927635 0 0.943413 -0.311251 -0.114434 0 0.331449 0.873924 0.355527 0 -14.3644 0.0806637 0.337504 1)(nd StaticMesh (setVisible 1) (load models/llowerarm.obj) (sSc 0.05 0.05 0.05)(resetMaterials matLeft naowhite)))
    (nd TRF (SLT -0.0774603 -0.996814 0.0190211 0 0.995427 -0.0762547 0.0575304 0 -0.0558967 0.0233904 0.998163 0 -14.452 -0.0876054 0.240405 1)(nd SMN (setVisible 1) (load StdUnitSphere) (sSc 0.01 0.01 0.01) (sMat matYellow)))
    (nd TRF (SLT -0.0790767 -0.995721 0.047811 0 0.995427 -0.0762934 0.0574804 0 -0.0535868 0.0521377 0.997201 0 -14.452 -0.087604 0.240405 1)(nd SMN (setVisible 1) (load StdUnitSphere) (sSc 0.01 0.01 0.01) (sMat matYellow)))
    (nd TRF (SLT -0.0788122 -0.995765 0.047335 0 0.893873 -0.0495668 0.445573 0 -0.441339 0.077428 0.893994 0 -14.4254 -0.0911917 0.209058 1)(nd StaticMesh (setVisible 1) (load models/rthigh.obj) (sSc 0.07 0.07 0.07)(resetMaterials matNum1 matLeft naowhite)))
    (nd TRF (SLT -0.0790043 -0.995768 0.046958 0 0.581992 -0.0843169 -0.808812 0 0.809348 -0.0365704 0.58619 0 -14.4252 -0.0963057 0.100552 1)(nd StaticMesh (setVisible 1) (load models/rshank4.obj) (sSc 0.08 0.08 0.08)(resetMaterials matLeft naowhite)))
    (nd TRF (SLT -0.0789802 -0.995732 0.047755 0 0.99686 -0.0786185 0.00940848 0 -0.00561389 0.0483482 0.998815 0 -14.4758 -0.0934197 0.0762479 1)(nd SMN (setVisible 1) (load StdUnitSphere) (sSc 0.01 0.01 0.01) (sMat matRed)))
    (nd TRF (SLT -0.078691 -0.996889 -0.00456126 0 0.99685 -0.0787315 0.0095113 0 -0.00984082 -0.00379844 0.999944 0 -14.4632 -0.0945015 0.0363568 1)(nd StaticMesh (setVisible 1) (load models/rfoot.obj) (sSc 0.08 0.062241 0.08)(resetMaterials matLeft naowhite)))
    (nd TRF (SLT -0.0786909 -0.996889 -0.00456139 0 0.99685 -0.0787314 0.0095114 0 -0.00984093 -0.00379856 0.999944 0 -14.3833 -0.100794 0.0321203 1)(nd StaticMesh (setVisible 1) (load models/rfoot.obj) (sSc 0.08 0.0228259 0.04)(resetMaterials matLeft naowhite)))
    (nd TRF (SLT -0.0774347 -0.996815 0.0190629 0 0.995436 -0.0762298 0.0574041 0 -0.0557682 0.0234209 0.998169 0 -14.4435 0.0220912 0.238371 1)(nd SMN (setVisible 1) (load StdUnitSphere) (sSc 0.01 0.01 0.01) (sMat matYellow)))
    (nd TRF (SLT -0.0734859 -0.996063 -0.0495842 0 0.995434 -0.0762952 0.0573649 0 -0.0609221 -0.0451422 0.997121 0 -14.4435 0.0220857 0.238397 1)(nd SMN (setVisible 1) (load StdUnitSphere) (sSc 0.01 0.01 0.01) (sMat matYellow)))
    (nd TRF (SLT -0.0731218 -0.996061 -0.0501635 0 0.943422 -0.085394 0.320411 0 -0.323433 -0.0238963 0.945949 0 -14.4211 0.0221968 0.203731 1)(nd StaticMesh (setVisible 1) (load models/lthigh.obj) (sSc 0.07 0.07 0.07)(resetMaterials matLeft naowhite)))
    (nd TRF (SLT -0.0734378 -0.996036 -0.0501892 0 0.774965 -0.0253177 -0.631497 0 0.627723 -0.0852706 0.773752 0 -14.4204 0.0281672 0.0851205 1)(nd StaticMesh (setVisible 1) (load models/lshank4.obj) (sSc 0.08 0.08 0.08)(resetMaterials matLeft naowhite)))
    (nd TRF (SLT -0.0737056 -0.996047 -0.0495668 0 0.997197 -0.0742504 0.00923765 0 -0.0128815 -0.048747 0.998728 0 -14.4628 0.0331281 0.0488357 1)(nd SMN (setVisible 1) (load StdUnitSphere) (sSc 0.01 0.01 0.01) (sMat matRed)))
    (nd TRF (SLT -0.0743899 -0.997219 -0.00447714 0 0.997183 -0.074429 0.00932067 0 -0.00962798 -0.00377116 0.999947 0 -14.4502 0.0325748 0.0089621 1)(nd StaticMesh (setVisible 1) (load models/lfoot.obj) (sSc 0.08 0.062241 0.08)(resetMaterials matLeft naowhite)))
    (nd TRF (SLT -0.0743901 -0.997219 -0.0044774 0 0.997183 -0.0744292 0.00932084 0 -0.00962817 -0.00377141 0.999947 0 -14.3703 0.026624 0.00470872 1)(nd StaticMesh (setVisible 1) (load models/lfoot.obj) (sSc 0.08 0.0228259 0.04)(resetMaterials matLeft naowhite))))
    
    (nd TRF (SLT 1 0 0 0 0 1 0 0 0 0 1 0 0 0 0 1)(nd TRF (SLT -0.999412 -0.0286428 0.0188739 0 0.02464 -0.982256 -0.185919 0 0.0238643 -0.185345 0.982384 0 -0.413602 2.09252 0.354475 1)(nd TRF (SLT -1 3.82137e-15 8.74228e-08 -0 8.74228e-08 4.37114e-08 1 0 0 1 -4.37114e-08 0 0 0 0 1)(nd StaticMesh (setVisible 1) (load models/naobody0.obj) (sSc 0.1 0.1 0.1)(resetMaterials matNum2 matLeft matType0 naowhite)))(nd TRF (SLT 1 0 0 0 0 1 0 0 0 0 1 0 0 0 0 1)(nd SMN (setVisible 0) (setTransparent) (load StdUnitCylinder 1 1) (sSc 0.2 0.2 0.02) (sMat matSelect))))(nd TRF (SLT -0.601048 -0.787868 -0.134187 0 0.798862 -0.587277 -0.130097 0 0.0236944 -0.185391 0.982379 0 -0.411429 2.07583 0.442955 1)(nd SMN (setVisible 1) (load StdCapsule 0.015 0.08) (sSc 1 1 1) (sMat matDarkGrey)))(nd TRF (SLT -0.600937 -0.787909 -0.134441 0 0.798867 -0.58654 -0.133351 0 0.0262138 -0.187536 0.981908 0 -0.409848 2.06377 0.506853 1)(nd TRF (SLT -1 3.82137e-15 8.74228e-08 -0 8.74228e-08 4.37114e-08 1 0 0 1 -4.37114e-08 0 0 0 0 1)(nd StaticMesh (setVisible 1) (load models/naohead.obj) (sSc 0.1 0.1 0.1)(resetMaterials matLeft naoblack naogrey naowhite))))(nd TRF (SLT -0.999407 -0.0286626 0.0190977 0 -0.0086052 -0.329103 -0.944255 0 0.0333499 -0.943859 0.328661 0 -0.509767 2.07582 0.430033 1)(nd SMN (setVisible 1) (load StdUnitSphere) (sSc 0.01 0.01 0.01) (sMat matYellow)))(nd TRF (SLT -0.936137 0.0847267 0.341276 0 -0.34995 -0.31942 -0.880628 0 0.0343975 -0.943818 0.32867 0 -0.526152 2.07024 0.415695 1)(nd StaticMesh (setVisible 1) (load models/rupperarm0.obj) (sSc 0.07 0.07 0.07)(resetMaterials matLeft matType0 naowhite)))(nd TRF (SLT -0.566397 0.820586 -0.0763787 0 -0.34557 -0.320613 -0.881923 0 -0.748182 -0.473124 0.465164 0 -0.541021 2.03834 0.353031 1)(nd SMN (setVisible 1) (load StdUnitSphere) (sSc 0.01 0.01 0.01) (sMat matYellow)))(nd TRF (SLT -0.388611 -0.26181 -0.883424 0 0.53779 -0.842975 0.0132538 0 -0.748174 -0.469945 0.468388 0 -0.5138 1.99496 0.353758 1)(nd StaticMesh (setVisible 1) (load models/rlowerarm.obj) (sSc 0.05 0.05 0.05)(resetMaterials matLeft naowhite)))(nd TRF (SLT -0.999418 -0.0286027 0.0185911 0 -0.0326368 0.64307 -0.765112 0 0.00992884 -0.765273 -0.643629 0 -0.313815 2.08141 0.426382 1)(nd SMN (setVisible 1) (load StdUnitSphere) (sSc 0.01 0.01 0.01) (sMat matYellow)))(nd TRF (SLT -0.97383 0.139381 -0.179523 0 0.227096 0.628377 -0.744022 0 0.00910532 -0.76532 -0.643586 0 -0.299521 2.09264 0.413118 1)(nd StaticMesh (setVisible 1) (load models/lupperarm0.obj) (sSc 0.07 0.07 0.07)(resetMaterials matLeft matType0 naowhite)))(nd TRF (SLT 0.144658 -0.777332 -0.612233 0 0.222028 0.628463 -0.745478 0 0.96425 -0.0280941 0.263502 0 -0.293271 2.13136 0.352673 1)(nd SMN (setVisible 1) (load StdUnitSphere) (sSc 0.01 0.01 0.01) (sMat matYellow)))(nd TRF (SLT -0.0840386 -0.977562 0.193158 0 0.25508 -0.20849 -0.944175 0 0.963261 -0.0300763 0.266878 0 -0.280086 2.12002 0.304521 1)(nd StaticMesh (setVisible 1) (load models/llowerarm.obj) (sSc 0.05 0.05 0.05)(resetMaterials matLeft naowhite)))(nd TRF (SLT -0.999676 0.00631378 0.024663 0 -0.00995143 -0.988593 -0.150284 0 0.0234328 -0.150481 0.988335 0 -0.471612 2.12211 0.244318 1)(nd SMN (setVisible 1) (load StdUnitSphere) (sSc 0.01 0.01 0.01) (sMat matYellow)))(nd TRF (SLT -0.997495 -0.000564061 0.0707297 0 -0.0100915 -0.988604 -0.150203 0 0.0700084 -0.15054 0.986122 0 -0.471611 2.12212 0.244339 1)(nd SMN (setVisible 1) (load StdUnitSphere) (sSc 0.01 0.01 0.01) (sMat matYellow)))(nd TRF (SLT -0.99751 -0.00138889 0.0705171 0 0.000450876 -0.999911 -0.0133162 0 0.0705293 -0.0132512 0.997422 0 -0.474415 2.11244 0.203913 1)(nd StaticMesh (setVisible 1) (load models/rthigh.obj) (sSc 0.07 0.07 0.07)(resetMaterials matNum2 matLeft naowhite)))(nd TRF (SLT -0.997425 -0.00118397 0.0717093 0 -0.0563294 -0.60595 -0.793506 0 0.0443918 -0.795502 0.604323 0 -0.482715 2.14837 0.0878138 1)(nd StaticMesh (setVisible 1) (load models/rshank0.obj) (sSc 0.08 0.08 0.08)(resetMaterials matLeft matType0 naowhite)))(nd TRF (SLT -0.997518 -0.000410803 0.0704134 0 -0.00421155 -0.997845 -0.0654849 0 0.0702885 -0.0656189 0.995366 0 -0.484681 2.19868 0.0622521 1)(nd SMN (setVisible 1) (load StdUnitSphere) (sSc 0.01 0.01 0.01) (sMat matRed)))(nd TRF (SLT -0.999859 0.00303288 0.0164966 0 -0.00410922 -0.997837 -0.0656091 0 0.0162619 -0.0656677 0.997709 0 -0.485719 2.17135 0.0203912 1)(nd StaticMesh (setVisible 1) (load models/rfoot.obj) (sSc 0.08 0.08 0.08)(resetMaterials matLeft naowhite)))(nd TRF (SLT -0.997909 -0.0633022 0.0130447 0 0.0605983 -0.986558 -0.151763 0 0.0224763 -0.150655 0.988331 0 -0.361641 2.12523 0.242248 1)(nd SMN (setVisible 1) (load StdUnitSphere) (sSc 0.01 0.01 0.01) (sMat matYellow)))(nd TRF (SLT -0.997842 -0.0563324 -0.0337375 0 0.0608263 -0.98654 -0.151784 0 -0.024733 -0.153509 0.987838 0 -0.361642 2.12523 0.242247 1)(nd SMN (setVisible 1) (load StdUnitSphere) (sSc 0.01 0.01 0.01) (sMat matYellow)))(nd TRF (SLT -0.997835 -0.0571365 -0.0325679 0 0.0264595 -0.802131 0.596562 0 -0.0602092 0.594409 0.801906 0 -0.358975 2.09305 0.215693 1)(nd StaticMesh (setVisible 1) (load models/lthigh.obj) (sSc 0.07 0.07 0.07)(resetMaterials matLeft naowhite)))(nd TRF (SLT -0.997761 -0.0574181 -0.034296 0 0.0663922 -0.91221 -0.404307 0 -0.00807062 -0.405679 0.91398 0 -0.353346 2.05874 0.10135 1)(nd StaticMesh (setVisible 1) (load models/lshank0.obj) (sSc 0.08 0.08 0.08)(resetMaterials matLeft matType0 naowhite)))(nd TRF (SLT -0.997806 -0.0569123 -0.0338257 0 0.0599163 -0.993608 -0.0956755 0 -0.0281643 -0.0974923 0.994838 0 -0.353638 2.09125 0.0542618 1)(nd SMN (setVisible 1) (load StdUnitSphere) (sSc 0.01 0.01 0.01) (sMat matRed)))(nd TRF (SLT -0.998062 -0.0610974 0.0118243 0 0.0596921 -0.993621 -0.0956765 0 0.0175944 -0.0947852 0.995342 0 -0.352332 2.06517 0.0114886 1)(nd StaticMesh (setVisible 1) (load models/lfoot.obj) (sSc 0.08 0.08 0.08)(resetMaterials matLeft naowhite))))
    
    (nd TRF (SLT 1 0 0 0 0 1 0 0 0 0 1 0 0 0 0 1)(nd TRF (SLT -0.0203503 0.998497 0.0508796 0 -0.998773 -0.0226009 0.044058 0 0.0451417 -0.0499206 0.997733 0 -9.93916 0.446879 0.355894 1)(nd TRF (SLT -1 3.82137e-15 8.74228e-08 -0 8.74228e-08 4.37114e-08 1 0 0 1 -4.37114e-08 0 0 0 0 1)(nd StaticMesh (setVisible 1) (load models/naobody4.obj) (sSc 0.1 0.1 0.1)(resetMaterials matNum3 matLeft naowhite)))(nd TRF (SLT 1 0 0 0 0 1 0 0 0 0 1 0 0 0 0 1)(nd SMN (setVisible 0) (setTransparent) (load StdUnitCylinder 1 1) (sSc 0.2 0.2 0.02) (sMat matSelect))))(nd TRF (SLT 0.875083 -0.479853 -0.0630226 0 0.48192 0.875933 0.0222253 0 0.0445387 -0.0498208 0.997765 0 -9.93505 0.442404 0.445741 1)(nd SMN (setVisible 1) (load StdCapsule 0.015 0.08) (sSc 1 1 1) (sMat matDarkGrey)))(nd TRF (SLT 0.874955 -0.479801 -0.0651486 0 0.48229 0.875524 0.0292419 0 0.0430089 -0.0570059 0.997447 0 -9.93207 0.43913 0.510637 1)(nd TRF (SLT -1 3.82137e-15 8.74228e-08 -0 8.74228e-08 4.37114e-08 1 0 0 1 -4.37114e-08 0 0 0 0 1)(nd StaticMesh (setVisible 1) (load models/naohead.obj) (sSc 0.1 0.1 0.1)(resetMaterials matLeft naoblack naogrey naowhite))))(nd TRF (SLT -0.0207326 0.998399 0.0526277 0 -0.0884616 0.0506007 -0.994794 0 -0.995864 -0.0252802 0.0872709 0 -9.93775 0.541129 0.435774 1)(nd SMN (setVisible 1) (load StdUnitSphere) (sSc 0.01 0.01 0.01) (sMat matYellow)))(nd TRF (SLT -0.00190709 0.955003 0.296588 0 -0.0905802 0.295205 -0.951131 0 -0.995887 -0.0286789 0.0859414 0 -9.93962 0.556641 0.419448 1)(nd StaticMesh (setVisible 1) (load models/rupperarm4.obj) (sSc 0.07 0.07 0.07)(resetMaterials matLeft naowhite)))(nd TRF (SLT 0.90981 0.413775 0.0321999 0 -0.0939556 0.280917 -0.955122 0 -0.404251 0.865954 0.294458 0 -9.95507 0.567649 0.349577 1)(nd SMN (setVisible 1) (load StdUnitSphere) (sSc 0.01 0.01 0.01) (sMat matYellow)))(nd TRF (SLT 0.0127518 0.33844 -0.940902 0 -0.917864 -0.369345 -0.145292 0 -0.39669 0.865473 0.305932 0 -10.0036 0.548913 0.342145 1)(nd StaticMesh (setVisible 1) (load models/rlowerarm.obj) (sSc 0.05 0.05 0.05)(resetMaterials matLeft naowhite)))(nd TRF (SLT -0.0201246 0.998597 0.0489749 0 -0.00802134 0.048822 -0.998775 0 -0.999765 -0.0204928 0.00702756 0 -9.93371 0.345169 0.425757 1)(nd SMN (setVisible 1) (load StdUnitSphere) (sSc 0.01 0.01 0.01) (sMat matYellow)))(nd TRF (SLT -0.0173046 0.951358 -0.307602 0 -0.000359353 -0.307654 -0.951498 0 -0.99985 -0.0163548 0.00566571 0 -9.93359 0.329419 0.409442 1)(nd StaticMesh (setVisible 1) (load models/lupperarm4.obj) (sSc 0.07 0.07 0.07)(resetMaterials matLeft naowhite)))(nd TRF (SLT -0.99922 0.03876 -0.00754761 0 -0.00408733 -0.29163 -0.956522 0 -0.0392759 -0.955745 0.291561 0 -9.94294 0.317036 0.338423 1)(nd SMN (setVisible 1) (load StdUnitSphere) (sSc 0.01 0.01 0.01) (sMat matYellow)))(nd TRF (SLT -0.50376 0.279143 0.817499 0 -0.863164 -0.125114 -0.489178 0 -0.0342696 -0.952064 0.303973 0 -9.98919 0.309496 0.312912 1)(nd StaticMesh (setVisible 1) (load models/llowerarm.obj) (sSc 0.05 0.05 0.05)(resetMaterials matLeft naowhite)))(nd TRF (SLT -0.00546834 0.998734 0.0500003 0 -0.998197 -0.00844019 0.0594203 0 0.0597671 -0.0495852 0.99698 0 -9.93554 0.507809 0.243466 1)(nd SMN (setVisible 1) (load StdUnitSphere) (sSc 0.01 0.01 0.01) (sMat matYellow)))(nd TRF (SLT -0.0018975 0.994106 0.108395 0 -0.998208 -0.00836574 0.0592493 0 0.0598069 -0.108089 0.992341 0 -9.93553 0.507807 0.243477 1)(nd SMN (setVisible 1) (load StdUnitSphere) (sSc 0.01 0.01 0.01) (sMat matYellow)))(nd TRF (SLT -0.00223201 0.994356 0.106074 0 -0.998539 -0.00794276 0.0534455 0 0.0539863 -0.1058 0.992921 0 -9.94805 0.511888 0.203373 1)(nd StaticMesh (setVisible 1) (load models/rthigh.obj) (sSc 0.07 0.07 0.07)(resetMaterials matNum3 matLeft naowhite)))(nd TRF (SLT -0.00291483 0.99389 0.11034 0 -0.599702 0.0865592 -0.795528 0 -0.800218 -0.0684897 0.595785 0 -9.91723 0.524351 0.0865334 1)(nd StaticMesh (setVisible 1) (load models/rshank4.obj) (sSc 0.08 0.08 0.08)(resetMaterials matLeft naowhite)))(nd TRF (SLT -0.00143983 0.994153 0.107971 0 -0.998184 -0.00793172 0.059721 0 0.0602282 -0.107689 0.992359 0 -9.86667 0.527383 0.0613486 1)(nd SMN (setVisible 1) (load StdUnitSphere) (sSc 0.01 0.01 0.01) (sMat matRed)))(nd TRF (SLT -0.0054695 0.999251 0.0383157 0 -0.998194 -0.0077479 0.05957 0 0.0598222 -0.0379207 0.997488 0 -9.88133 0.529112 0.0221477 1)(nd StaticMesh (setVisible 1) (load models/rfoot.obj) (sSc 0.08 0.062241 0.08)(resetMaterials matLeft naowhite)))(nd TRF (SLT -0.00546957 0.999251 0.0383155 0 -0.998194 -0.00774786 0.0595676 0 0.0598198 -0.0379205 0.997489 0 -9.96171 0.528689 0.0219067 1)(nd StaticMesh (setVisible 1) (load models/rfoot.obj) (sSc 0.08 0.0228259 0.04)(resetMaterials matLeft naowhite)))(nd TRF (SLT -0.0401196 0.99786 0.0516373 0 -0.997065 -0.0433533 0.0631084 0 0.065212 -0.0489538 0.99667 0 -9.93329 0.397838 0.237855 1)(nd SMN (setVisible 1) (load StdUnitSphere) (sSc 0.01 0.01 0.01) (sMat matYellow)))(nd TRF (SLT -0.0439678 0.99894 -0.0136576 0 -0.997092 -0.0430267 0.062891 0 0.0622367 0.016383 0.997927 0 -9.93329 0.397844 0.237875 1)(nd SMN (setVisible 1) (load StdUnitSphere) (sSc 0.01 0.01 0.01) (sMat matYellow)))(nd TRF (SLT -0.0430301 0.999002 -0.0119561 0 -0.850324 -0.0303383 0.525384 0 0.524497 0.0327738 0.850781 0 -9.96329 0.39624 0.208495 1)(nd StaticMesh (setVisible 1) (load models/lthigh.obj) (sSc 0.07 0.07 0.07)(resetMaterials matLeft naowhite)))(nd TRF (SLT -0.0423356 0.999013 -0.0134085 0 -0.854678 -0.0431629 -0.517361 0 -0.517429 -0.0104428 0.855662 0 -9.98641 0.393791 0.0916448 1)(nd StaticMesh (setVisible 1) (load models/lshank4.obj) (sSc 0.08 0.08 0.08)(resetMaterials matLeft naowhite)))(nd TRF (SLT -0.0440435 0.998946 -0.0129056 0 -0.998833 -0.0437746 0.0204302 0 0.0198437 0.0137903 0.999708 0 -9.94842 0.39476 0.0488048 1)(nd SMN (setVisible 1) (load StdUnitSphere) (sSc 0.01 0.01 0.01) (sMat matRed)))(nd TRF (SLT -0.043118 0.998548 0.0323051 0 -0.998833 -0.0437895 0.0203732 0 0.0217582 -0.031389 0.99927 0 -9.96153 0.395262 0.00905631 1)(nd StaticMesh (setVisible 1) (load models/lfoot.obj) (sSc 0.08 0.062241 0.08)(resetMaterials matLeft naowhite)))(nd TRF (SLT -0.043118 0.998548 0.0323046 0 -0.998835 -0.0437867 0.0202872 0 0.0216722 -0.0313923 0.999272 0 -10.0417 0.391918 0.00568932 1)(nd StaticMesh (setVisible 1) (load models/lfoot.obj) (sSc 0.08 0.0228259 0.04)(resetMaterials matLeft naowhite))))(nd TRF (SLT 1 0 0 0 0 1 0 0 0 0 1 0 0 0 0 1)(nd TRF (SLT -0.906905 0.420802 0.0211834 0 -0.420753 -0.907149 0.00690912 0 0.0221239 -0.00264706 0.999752 0 1.09359 2.85887 0.358367 1)(nd TRF (SLT -1 3.82137e-15 8.74228e-08 -0 8.74228e-08 4.37114e-08 1 0 0 1 -4.37114e-08 0 0 0 0 1)(nd StaticMesh (setVisible 1) (load models/naobody2.obj) (sSc 0.1 0.1 0.1)(resetMaterials matNum4 matLeft matType2 naowhite)))(nd TRF (SLT 1 0 0 0 0 1 0 0 0 0 1 0 0 0 0 1)(nd SMN (setVisible 0) (setTransparent) (load StdUnitCylinder 1 1) (sSc 0.2 0.2 0.02) (sMat matSelect))))(nd TRF (SLT -0.947046 -0.320469 0.0200864 0 0.320335 -0.947255 -0.00962835 0 0.0221125 -0.00268413 0.999752 0 1.09558 2.85864 0.448379 1)(nd SMN (setVisible 1) (load StdCapsule 0.015 0.08) (sSc 1 1 1) (sMat matDarkGrey)))(nd TRF (SLT -0.94703 -0.320493 0.0204425 0 0.320368 -0.947249 -0.00918182 0 0.0223069 -0.00214633 0.999749 0 1.09702 2.85847 0.513401 1)(nd TRF (SLT -1 3.82137e-15 8.74228e-08 -0 8.74228e-08 4.37114e-08 1 0 0 1 -4.37114e-08 0 0 0 0 1)(nd StaticMesh (setVisible 1) (load models/naohead.obj) (sSc 0.1 0.1 0.1)(resetMaterials matLeft naoblack naogrey naowhite))))(nd TRF (SLT -0.90639 0.421825 0.0228138 0 0.0590733 0.180037 -0.981884 0 -0.418291 -0.888623 -0.188102 0 1.00631 2.89994 0.435451 1)(nd SMN (setVisible 1) (load StdUnitSphere) (sSc 0.01 0.01 0.01) (sMat matYellow)))(nd TRF (SLT -0.891207 0.36 0.275952 0 -0.177562 0.282936 -0.94256 0 -0.417398 -0.889015 -0.188232 0 0.993785 2.90918 0.419061 1)(nd StaticMesh (setVisible 1) (load models/rupperarm2.obj) (sSc 0.07 0.07 0.07)(resetMaterials matLeft matType2 naowhite)))(nd TRF (SLT 0.365502 0.90881 0.20118 0 -0.165027 0.27598 -0.94689 0 -0.916065 0.31289 0.250849 0 0.986304 2.91725 0.347452 1)(nd SMN (setVisible 1) (load StdUnitSphere) (sSc 0.01 0.01 0.01) (sMat matYellow)))(nd TRF (SLT 0.0664825 0.74776 -0.660632 0 -0.404025 -0.585215 -0.703056 0 -0.912329 0.313653 0.263208 0 0.964703 2.88544 0.311563 1)(nd StaticMesh (setVisible 1) (load models/rlowerarm.obj) (sSc 0.05 0.05 0.05)(resetMaterials matLeft naowhite)))(nd TRF (SLT -0.90744 0.419731 0.0194417 0 -0.106537 -0.185077 -0.976932 0 -0.406451 -0.888579 0.212663 0 1.18419 2.81741 0.4313 1)(nd SMN (setVisible 1) (load StdUnitSphere) (sSc 0.01 0.01 0.01) (sMat matYellow)))(nd TRF (SLT -0.888712 0.332003 -0.316173 0 0.210317 -0.317555 -0.924622 0 -0.407379 -0.888219 0.212389 0 1.19732 2.8077 0.415663 1)(nd StaticMesh (setVisible 1) (load models/lupperarm2.obj) (sSc 0.07 0.07 0.07)(resetMaterials matLeft matType2 naowhite)))(nd TRF (SLT -0.732407 -0.676805 0.0742604 0 0.19635 -0.314387 -0.928767 0 0.651941 -0.665654 0.36315 0 1.19959 2.78063 0.348465 1)(nd SMN (setVisible 1) (load StdUnitSphere) (sSc 0.01 0.01 0.01) (sMat matYellow)))(nd TRF (SLT -0.290696 0.23702 0.926994 0 -0.699286 -0.713897 -0.0367553 0 0.653066 -0.658918 0.373271 0 1.16392 2.74208 0.345925 1)(nd StaticMesh (setVisible 1) (load models/llowerarm.obj) (sSc 0.05 0.05 0.05)(resetMaterials matLeft naowhite)))(nd TRF (SLT -0.878614 0.477173 0.0185248 0 -0.474878 -0.877157 0.0713244 0 0.0502832 0.0538696 0.997281 0 1.04534 2.8914 0.244441 1)(nd SMN (setVisible 1) (load StdUnitSphere) (sSc 0.01 0.01 0.01) (sMat matYellow)))(nd TRF (SLT -0.876855 0.478667 0.0447544 0 -0.475176 -0.877057 0.0705564 0 0.0730252 0.0406015 0.996503 0 1.04534 2.8914 0.244441 1)(nd SMN (setVisible 1) (load StdUnitSphere) (sSc 0.01 0.01 0.01) (sMat matYellow)))(nd TRF (SLT -0.878037 0.476695 0.042585 0 -0.328445 -0.6649 0.670844 0 0.348103 0.575039 0.740374 0 1.02812 2.86146 0.221219 1)(nd StaticMesh (setVisible 1) (load models/rthigh.obj) (sSc 0.07 0.07 0.07)(resetMaterials matNum4 matLeft naowhite)))(nd TRF (SLT -0.877834 0.477011 0.0432125 0 -0.424261 -0.732533 -0.532352 0 -0.222283 -0.48565 0.845419 0 1.00781 2.83326 0.113928 1)(nd StaticMesh (setVisible 1) (load models/rshank2.obj) (sSc 0.08 0.08 0.08)(resetMaterials matLeft matType2 naowhite)))(nd TRF (SLT -0.876213 0.479866 0.0444847 0 -0.480308 -0.877099 0.000861853 0 0.0394311 -0.0206112 0.99901 0 1.02445 2.86789 0.0722479 1)(nd SMN (setVisible 1) (load StdUnitSphere) (sSc 0.01 0.01 0.01) (sMat matRed)))(nd TRF (SLT -0.876989 0.480509 -0.001339 0 -0.480511 -0.876988 0.00144335 0 -0.000480747 0.0019092 0.999998 0 1.00983 2.84159 0.0322878 1)(nd StaticMesh (setVisible 1) (load models/rfoot.obj) (sSc 0.08 0.08 0.08)(resetMaterials matLeft naowhite)))(nd TRF (SLT -0.931609 0.36271 0.0233537 0 -0.360461 -0.930249 0.0685842 0 0.0466009 0.0554756 0.997372 0 1.14516 2.84508 0.242142 1)(nd SMN (setVisible 1) (load StdUnitSphere) (sSc 0.01 0.01 0.01) (sMat matYellow)))(nd TRF (SLT -0.931434 0.355036 -0.0798811 0 -0.360463 -0.930253 0.0685322 0 -0.0499782 0.0926274 0.994446 0 1.14516 2.84508 0.24217 1)(nd SMN (setVisible 1) (load StdUnitSphere) (sSc 0.01 0.01 0.01) (sMat matYellow)))(nd TRF (SLT -0.931434 0.355062 -0.0797574 0 -0.363814 -0.913578 0.181701 0 -0.00834947 0.198259 0.980114 0 1.14181 2.82785 0.204555 1)(nd StaticMesh (setVisible 1) (load models/lthigh.obj) (sSc 0.07 0.07 0.07)(resetMaterials matLeft naowhite)))(nd TRF (SLT -0.931284 0.355498 -0.0795653 0 -0.218477 -0.719807 -0.658898 0 -0.291508 -0.596238 0.748013 0 1.15524 2.83606 0.0843364 1)(nd StaticMesh (setVisible 1) (load models/lshank2.obj) (sSc 0.08 0.08 0.08)(resetMaterials matLeft matType2 naowhite)))(nd TRF (SLT -0.931436 0.355063 -0.0797283 0 -0.3563 -0.934371 0.0013843 0 -0.0740043 0.0296966 0.996816 0 1.17351 2.87613 0.0497216 1)(nd SMN (setVisible 1) (load StdUnitSphere) (sSc 0.01 0.01 0.01) (sMat matRed)))(nd TRF (SLT -0.934382 0.356273 -0.000652518 0 -0.356273 -0.934381 0.00136964 0 -0.000121735 0.00151224 0.999999 0 1.16319 2.84789 0.00980603 1)(nd StaticMesh (setVisible 1) (load models/lfoot.obj) (sSc 0.08 0.08 0.08)(resetMaterials matLeft naowhite))))(nd TRF (SLT 1 0 0 0 0 1 0 0 0 0 1 0 0 0 0 1)(nd TRF (SLT 0.988484 -0.143658 0.0475546 0 0.142204 0.989298 0.0326818 0 -0.0517406 -0.025543 0.998334 0 -1.53549 -8.59933 0.360239 1)(nd TRF (SLT -1 3.82137e-15 8.74228e-08 -0 8.74228e-08 4.37114e-08 1 0 0 1 -4.37114e-08 0 0 0 0 1)(nd StaticMesh (setVisible 1) (load models/naobody0.obj) (sSc 0.1 0.1 0.1)(resetMaterials matNum5 matLeft matType0 naowhite)))(nd TRF (SLT 1 0 0 0 0 1 0 0 0 0 1 0 0 0 0 1)(nd SMN (setVisible 0) (setTransparent) (load StdUnitCylinder 1 1) (sSc 0.2 0.2 0.02) (sMat matSelect))))(nd TRF (SLT 0.988512 -0.143466 0.0475605 0 0.142009 0.989324 0.0327314 0 -0.0517486 -0.0256014 0.998332 0 -1.54014 -8.60165 0.450114 1)(nd SMN (setVisible 1) (load StdCapsule 0.015 0.08) (sSc 1 1 1) (sMat matDarkGrey)))(nd TRF (SLT 0.988398 -0.144894 0.0455548 0 0.147056 0.987945 -0.0483625 0 -0.0379982 0.0545005 0.99779 0 -1.54342 -8.60288 0.51515 1)(nd TRF (SLT -1 3.82137e-15 8.74228e-08 -0 8.74228e-08 4.37114e-08 1 0 0 1 -4.37114e-08 0 0 0 0 1)(nd StaticMesh (setVisible 1) (load models/naohead.obj) (sSc 0.1 0.1 0.1)(resetMaterials matLeft naoblack naogrey naowhite))))(nd TRF (SLT 0.988463 -0.144296 0.0460449 0 0.0979777 0.377316 -0.920887 0 0.115507 0.914774 0.3871 0 -1.44244 -8.61534 0.439802 1)(nd SMN (setVisible 1) (load StdUnitSphere) (sSc 0.01 0.01 0.01) (sMat matYellow)))(nd TRF (SLT 0.895413 -0.26404 0.358496 0 0.430164 0.305294 -0.849561 0 0.114871 0.91492 0.386945 0 -1.42487 -8.61182 0.426154 1)(nd StaticMesh (setVisible 1) (load models/rupperarm0.obj) (sSc 0.07 0.07 0.07)(resetMaterials matLeft matType0 naowhite)))(nd TRF (SLT 0.395727 -0.90801 -0.137542 0 0.416836 0.311042 -0.854108 0 0.81832 0.280661 0.501579 0 -1.40265 -8.57927 0.36545 1)(nd SMN (setVisible 1) (load StdUnitSphere) (sSc 0.01 0.01 0.01) (sMat matYellow)))(nd TRF (SLT 0.41731 0.329353 -0.846982 0 -0.398551 0.903931 0.155131 0 0.816707 0.272828 0.508483 0 -1.42219 -8.53142 0.372947 1)(nd StaticMesh (setVisible 1) (load models/rlowerarm.obj) (sSc 0.05 0.05 0.05)(resetMaterials matLeft naowhite)))(nd TRF (SLT 0.988525 -0.14289 0.0490034 0 0.0243022 -0.169741 -0.985189 0 0.149091 0.975075 -0.164321 0 -1.63629 -8.58718 0.430465 1)(nd SMN (setVisible 1) (load StdUnitSphere) (sSc 0.01 0.01 0.01) (sMat matYellow)))(nd TRF (SLT 0.961017 -0.182582 -0.207631 0 -0.232431 -0.126785 -0.964314 0 0.149742 0.974982 -0.16428 0 -1.65053 -8.58784 0.41302 1)(nd StaticMesh (setVisible 1) (load models/lupperarm0.obj) (sSc 0.07 0.07 0.07)(resetMaterials matLeft matType0 naowhite)))(nd TRF (SLT 0.0420647 0.989163 -0.140664 0 -0.218007 -0.128309 -0.967476 0 -0.97504 0.0713624 0.210248 0 -1.65569 -8.5895 0.340902 1)(nd SMN (setVisible 1) (load StdUnitSphere) (sSc 0.01 0.01 0.01) (sMat matYellow)))(nd TRF (SLT 0.200214 0.730415 0.653 0 -0.115907 0.679472 -0.724488 0 -0.972872 0.0693655 0.2207 0 -1.66165 -8.55271 0.304024 1)(nd StaticMesh (setVisible 1) (load models/llowerarm.obj) (sSc 0.05 0.05 0.05)(resetMaterials matLeft naowhite)))(nd TRF (SLT 0.988777 -0.141565 0.0477437 0 0.140209 0.989647 0.0306573 0 -0.0515895 -0.0236192 0.998389 0 -1.47657 -8.61417 0.247713 1)(nd SMN (setVisible 1) (load StdUnitSphere) (sSc 0.01 0.01 0.01) (sMat matYellow)))(nd TRF (SLT 0.986258 -0.142456 0.0836687 0 0.140355 0.989631 0.030517 0 -0.0871484 -0.0183544 0.996026 0 -1.47657 -8.61417 0.247736 1)(nd SMN (setVisible 1) (load StdUnitSphere) (sSc 0.01 0.01 0.01) (sMat matYellow)))(nd TRF (SLT 0.986578 -0.140411 0.0833568 0 0.150553 0.979829 -0.131411 0 -0.0632238 0.142197 0.987817 0 -1.47248 -8.60964 0.206019 1)(nd StaticMesh (setVisible 1) (load models/rthigh.obj) (sSc 0.07 0.07 0.07)(resetMaterials matNum5 matLeft naowhite)))(nd TRF (SLT 0.986461 -0.140995 0.0837614 0 0.155669 0.644319 -0.748746 0 0.0516004 0.751647 0.657544 0 -1.46882 -8.65341 0.087971 1)(nd StaticMesh (setVisible 1) (load models/rshank0.obj) (sSc 0.08 0.08 0.08)(resetMaterials matLeft matType0 naowhite)))(nd TRF (SLT 0.986208 -0.142531 0.0841315 0 0.14451 0.989341 -0.0178918 0 -0.0806846 0.0298029 0.996294 0 -1.47321 -8.7019 0.0587118 1)(nd SMN (setVisible 1) (load StdUnitSphere) (sSc 0.01 0.01 0.01) (sMat matRed)))(nd TRF (SLT 0.989132 -0.143931 0.0300219 0 0.144503 0.989344 -0.0178238 0 -0.0271365 0.0219683 0.99939 0 -1.46752 -8.67312 0.0182288 1)(nd StaticMesh (setVisible 1) (load models/rfoot.obj) (sSc 0.08 0.08 0.08)(resetMaterials matLeft naowhite)))(nd TRF (SLT 0.989825 -0.133912 0.0481152 0 0.131951 0.990372 0.0418579 0 -0.0532572 -0.0350832 0.997964 0 -1.58536 -8.59837 0.242446 1)(nd SMN (setVisible 1) (load StdUnitSphere) (sSc 0.01 0.01 0.01) (sMat matYellow)))(nd TRF (SLT 0.990694 -0.130499 -0.0386801 0 0.132095 0.990345 0.0420514 0 0.0328189 -0.0467695 0.998366 0 -1.58536 -8.59837 0.242444 1)(nd SMN (setVisible 1) (load StdUnitSphere) (sSc 0.01 0.01 0.01) (sMat matYellow)))(nd TRF (SLT 0.990206 -0.133136 -0.0420399 0 0.125958 0.72199 0.680342 0 -0.0602254 -0.678974 0.731688 0 -1.58176 -8.56344 0.219271 1)(nd StaticMesh (setVisible 1) (load models/lthigh.obj) (sSc 0.07 0.07 0.07)(resetMaterials matLeft naowhite)))(nd TRF (SLT 0.990039 -0.133906 -0.0434942 0 0.106556 0.914556 -0.390171 0 0.092024 0.38165 0.919715 0 -1.58129 -8.52075 0.10905 1)(nd StaticMesh (setVisible 1) (load models/lshank0.obj) (sSc 0.08 0.08 0.08)(resetMaterials matLeft matType0 naowhite)))(nd TRF (SLT 0.990418 -0.132619 -0.0385317 0 0.134539 0.989521 0.0524211 0 0.0311759 -0.0571028 0.997881 0 -1.58791 -8.55225 0.0611181 1)(nd SMN (setVisible 1) (load StdUnitSphere) (sSc 0.01 0.01 0.01) (sMat matRed)))(nd TRF (SLT 0.990167 -0.136259 0.0316673 0 0.134499 0.989532 0.052302 0 -0.0384624 -0.0475285 0.998129 0 -1.58269 -8.52052 0.0226837 1)(nd StaticMesh (setVisible 1) (load models/lfoot.obj) (sSc 0.08 0.08 0.08)(resetMaterials matLeft naowhite))))(nd TRF (SLT 1 0 0 0 0 1 0 0 0 0 1 0 0 0 0 1)(nd TRF (SLT -0.0355723 -0.999333 -0.00828595 0 0.999313 -0.0356553 0.0100868 0 -0.0103755 -0.00792145 0.999915 0 4.99264 2.66004 0.361961 1)(nd TRF (SLT -1 3.82137e-15 8.74228e-08 -0 8.74228e-08 4.37114e-08 1 0 0 1 -4.37114e-08 0 0 0 0 1)(nd StaticMesh (setVisible 1) (load models/naobody2.obj) (sSc 0.1 0.1 0.1)(resetMaterials matNum6 matLeft matType2 naowhite)))(nd TRF (SLT 1 0 0 0 0 1 0 0 0 0 1 0 0 0 0 1)(nd SMN (setVisible 0) (setTransparent) (load StdUnitCylinder 1 1) (sSc 0.2 0.2 0.02) (sMat matSelect))))(nd TRF (SLT 0.999317 -0.0356247 0.0098322 0 0.0355433 0.999333 0.00832984 0 -0.0101224 -0.00797468 0.999917 0 4.99165 2.65934 0.452015 1)(nd SMN (setVisible 1) (load StdCapsule 0.015 0.08) (sSc 1 1 1) (sMat matDarkGrey)))(nd TRF (SLT 0.999395 -0.0346477 0.00290728 0 0.0345209 0.998756 0.0359925 0 -0.00415072 -0.0358704 0.999348 0 4.99101 2.65873 0.517164 1)(nd TRF (SLT -1 3.82137e-15 8.74228e-08 -0 8.74228e-08 4.37114e-08 1 0 0 1 -4.37114e-08 0 0 0 0 1)(nd StaticMesh (setVisible 1) (load models/naohead.obj) (sSc 0.1 0.1 0.1)(resetMaterials matLeft naoblack naogrey naowhite))))(nd TRF (SLT -0.0350615 -0.999374 -0.00481572 0 -0.293177 0.0148921 -0.955942 0 0.955415 -0.0321049 -0.293515 0 4.98833 2.56131 0.43617 1)(nd SMN (setVisible 1) (load StdUnitSphere) (sSc 0.01 0.01 0.01) (sMat matYellow)))(nd TRF (SLT 0.0452882 -0.968865 0.243413 0 -0.291467 -0.245876 -0.924441 0 0.955508 -0.0290805 -0.293528 0 4.98296 2.54658 0.419721 1)(nd StaticMesh (setVisible 1) (load models/rupperarm2.obj) (sSc 0.07 0.07 0.07)(resetMaterials matLeft matType2 naowhite)))(nd TRF (SLT -0.950936 0.179338 0.25211 0 -0.289605 -0.229255 -0.929285 0 -0.108858 -0.956703 0.269944 0 4.97079 2.5385 0.348449 1)(nd SMN (setVisible 1) (load StdUnitSphere) (sSc 0.01 0.01 0.01) (sMat matYellow)))(nd TRF (SLT -0.825092 -0.0744613 -0.56007 0 0.554784 -0.294408 -0.778163 0 -0.106946 -0.952775 0.284224 0 5.00185 2.52243 0.307779 1)(nd StaticMesh (setVisible 1) (load models/rlowerarm.obj) (sSc 0.05 0.05 0.05)(resetMaterials matLeft naowhite)))(nd TRF (SLT -0.0360135 -0.999281 -0.0118163 0 0.508681 -0.00815241 -0.860916 0 0.860201 -0.0370154 0.508609 0 4.99531 2.7576 0.437839 1)(nd SMN (setVisible 1) (load StdUnitSphere) (sSc 0.01 0.01 0.01) (sMat matYellow)))(nd TRF (SLT 0.137866 -0.942315 -0.305018 0 0.491157 0.332471 -0.805126 0 0.860092 -0.0388117 0.508661 0 5.00388 2.77379 0.424494 1)(nd StaticMesh (setVisible 1) (load models/lupperarm2.obj) (sSc 0.07 0.07 0.07)(resetMaterials matLeft matType2 naowhite)))(nd TRF (SLT 0.77882 -0.575758 0.24888 0 0.493761 0.31805 -0.809348 0 0.386832 0.753224 0.531991 0 5.04803 2.78756 0.368584 1)(nd SMN (setVisible 1) (load StdUnitSphere) (sSc 0.01 0.01 0.01) (sMat matYellow)))(nd TRF (SLT -0.51315 -0.317611 0.797371 0 0.77221 -0.57637 0.267376 0 0.374659 0.752942 0.541026 0 5.08973 2.75807 0.382807 1)(nd StaticMesh (setVisible 1) (load models/llowerarm.obj) (sSc 0.05 0.05 0.05)(resetMaterials matLeft naowhite)))(nd TRF (SLT -0.0479984 -0.998813 -0.00828562 0 0.998587 -0.0481736 0.0224261 0 -0.0227986 -0.0071975 0.999714 0 4.98191 2.60621 0.246327 1)(nd SMN (setVisible 1) (load StdUnitSphere) (sSc 0.01 0.01 0.01) (sMat matYellow)))(nd TRF (SLT -0.0474543 -0.998499 -0.0273479 0 0.998596 -0.0480683 0.0222513 0 -0.0235324 -0.0262536 0.999378 0 4.9819 2.60621 0.246333 1)(nd SMN (setVisible 1) (load StdUnitSphere) (sSc 0.01 0.01 0.01) (sMat matYellow)))(nd TRF (SLT -0.0480268 -0.998337 -0.0318905 0 0.811529 -0.0576142 0.581465 0 -0.582336 0.00204586 0.812946 0 5.01403 2.60566 0.218894 1)(nd StaticMesh (setVisible 1) (load models/rthigh.obj) (sSc 0.07 0.07 0.07)(resetMaterials matNum6 matLeft naowhite)))(nd TRF (SLT -0.0487971 -0.998323 -0.0311306 0 0.790003 -0.019506 -0.612792 0 0.611158 -0.0544958 0.789631 0 5.03713 2.60853 0.106109 1)(nd StaticMesh (setVisible 1) (load models/rshank2.obj) (sSc 0.08 0.08 0.08)(resetMaterial