{
    "rep": "-96.64 -6.05 -87.31 -14.29 66 82.71 -92.02 20.73 -87.01 -59.83 -1.43 -4.33 21.26 -73.83 53.51 4.72 -1.62 3.25 27.23 -64.65 36.2 -2.79",
    "body": "0.295366 0.955093 0.0235847 0 -0.95525 0.295647 -0.00944805 0 -0.0159965 -0.0197387 0.999677 0 -4.09474 2.70253 0.34629 1",
    "thigh": "0.310096 0.945617 0.0982333 0 -0.893981 0.254876 0.368559 0 0.323479 -0.202107 0.924399 0 -4.08922 2.76506 0.198983 1",
    "shank": "0.310937 0.945185 0.0997125 0 -0.559115 0.266746 -0.785008 0 -0.768576 0.188338 0.611408 0 -4.08164 2.77421 0.0865295 1",
    "foot": "0.311106 0.95022 0.0171531 0 -0.950198 0.310649 0.0249149 0 0.018346 -0.02405 0.999542 0 -4.06251 2.77181 0.0212622 1",
    "shoulder": "0.290268 0.918211 0.269504 0 0.0438813 0.268562 -0.962263 0 -0.955939 0.29114 0.0376625 0 -4.06327 2.80929 0.406767 1",
    "arm": "0.159515 0.276615 -0.947649 0 -0.98048 -0.0673871 -0.184712 0 -0.114953 0.958615 0.260466 0 -4.12343 2.81904 0.3263 1", 
    "head": "0.914712 -0.40405 0.00674814 0 0.403232 0.911509 -0.0809622 0 0.0265618 0.0767782 0.996694 0 -4.09701 2.69996 0.501274 1"
}