{
    "rep": "51.63 -0.19 -60.09 -20 54.99 85.83 -119.35 15 -98.01 -50.99 -2.87 -2.67 7.9 -51.94 48.94 3.1 -2.85 2.71 45.38 -60.51 18.37 -2.63",
    "body": "-0.999412 -0.0286428 0.0188739 0 0.02464 -0.982256 -0.185919 0 0.0238643 -0.185345 0.982384 0 -0.413602 2.09252 0.354475 1",
    "thigh": "-0.99751 -0.00138889 0.0705171 0 0.000450876 -0.999911 -0.0133162 0 0.0705293 -0.0132512 0.997422 0 -0.474415 2.11244 0.203913 1",
    "shank": "-0.997425 -0.00118397 0.0717093 0 -0.0563294 -0.60595 -0.793506 0 0.0443918 -0.795502 0.604323 0 -0.482715 2.14837 0.0878138 1",
    "foot": "-0.999859 0.00303288 0.0164966 0 -0.00410922 -0.997837 -0.0656091 0 0.0162619 -0.0656677 0.997709 0 -0.485719 2.17135 0.0203912 1",
    "shoulder": "-0.936137 0.0847267 0.341276 0 -0.34995 -0.31942 -0.880628 0 0.0343975 -0.943818 0.32867 0 -0.526152 2.07024 0.415695 1",
    "arm": "-0.388611 -0.26181 -0.883424 0 0.53779 -0.842975 0.0132538 0 -0.748174 -0.469945 0.468388 0 -0.5138 1.99496 0.353758 1",
    "head": "-0.600937 -0.787909 -0.134441 0 0.798867 -0.58654 -0.133351 0 0.0262138 -0.187536 0.981908 0 -0.409848 2.06377 0.506853 1"
}