(nd TRF 
    (SLT 1 0 0 0 0 1 0 0 0 0 1 0 -10 10 10 1)
    (nd Light 
        (setDiffuse 1 1 1 1) 
        (setAmbient 0.8 0.8 0.8 1) 
        (setSpecular 0.1 0.1 0.1 1)
    )
)
(nd TRF 
    (SLT 1 0 0 0 0 1 0 0 0 0 1 0 10 -10 10 1)
    (nd Light 
        (setDiffuse 1 1 1 1) 
        (setAmbient 0 0 0 1) 
        (setSpecular 0.1 0.1 0.1 1)
    )
)
(nd TRF 
    (SLT -1 -8.74228e-08 -3.82137e-15 0 0 -4.37114e-08 1 0 -8.74228e-08 1 4.37114e-08 -0 0 0 0 1)
    (nd StaticMesh 
        (setVisible 1) (load models/naosoccerfield.obj) (sSc 2.5 1 2.5)(resetMaterials None_rcs-naofield.png)))(nd TRF (SLT -1 -8.74228e-08 -3.82137e-15 0 0 -4.37114e-08 1 0 -8.74228e-08 1 4.37114e-08 -0 0 0 0 1)(nd StaticMesh (setVisible 1) (load models/skybox.obj) (sSc 10 10 10)(resetMaterials Material_skyrender_0001.tif Material_skyrender_0002.tif Material_skyrender_0003.tif Material_skyrender_0004.tif Material_skyrender_0005.tif Material_skyrender_0006.tif)))(nd TRF (SLT 1 0 0 0 0 1 0 0 0 0 1 0 -15.3 0 0.4 1)(nd TRF (SLT -4.37114e-08 1 4.37114e-08 0 0 -4.37114e-08 1 0 1 4.37114e-08 1.91069e-15 0 0.3 0 -0.4 1)(nd StaticMesh (setVisible 1) (setTransparent) (load models/leftsoccergoal.obj) (sSc 2.18 0.88 0.68)(resetMaterials naogoalnet yellow)))(nd TRF (SLT 1 0 0 0 0 1 0 0 0 0 1 0 0 -1.07 0 1))(nd TRF (SLT 1 0 0 0 0 1 0 0 0 0 1 0 0 1.07 0 1))(nd TRF (SLT 1 0 0 0 0 1 0 0 0 0 1 0 -0.28 0 0 1))(nd TRF (SLT 1 0 0 0 0 1 0 0 0 0 1 0 0 0 0.42 1))(nd TRF (SLT 1 0 0 0 0 1 0 0 0 0 1 0 0.3 1.05 0.4 1))(nd TRF (SLT 1 0 0 0 0 1 0 0 0 0 1 0 0.3 -1.05 0.4 1)))(nd TRF (SLT -1 -







(nd TRF 
    (SLT 1 0 0 0 0 1 0 0 0 0 1 0 0 0 0 1)
    (nd TRF 
        (SLT 0.466764 -0.884382 -3.46012e-05 0 0.884381 0.466763 0.00186376 0 -0.00163213 -0.000900536 0.999998 0 -14.5029 0.331594 0.351977 1)
        (nd TRF 
            (SLT -1 3.82137e-15 8.74228e-08 -0 8.74228e-08 4.37114e-08 1 0 0 1 -4.37114e-08 0 0 0 0 1)
            (nd StaticMesh 
                (setVisible 1) 
                (load models/naobody4.obj) 
                (sSc 0.1 0.1 0.1)
                (resetMaterials matNum1 matLeft naowhite)
            )
        )
        (nd TRF 
            (SLT 1 0 0 0 0 1 0 0 0 0 1 0 0 0 0 1)
            (nd SMN 
                (setVisible 0) 
                (setTransparent) 
                (load StdUnitCylinder 1 1) 
                (sSc 0.2 0.2 0.02) 
                (sMat matSelect)
            )
        )
    )
    (nd TRF 
        (SLT 0.46653 -0.884505 -3.50924e-05 0 0.884504 0.466529 0.00186373 0 -0.00163211 -0.000900526 0.999998 0 -14.5031 0.331512 0.441973 1)
        (nd SMN 
            (setVisible 1) 
            (load StdCapsule 0.015 0.08) 
            (sSc 1 1 1) 
            (sMat matDarkGrey)
        )
    )
    (nd TRF 
        (SLT 0.46653 -0.884505 -3.45806e-05 0 0.883939 0.466233 -0.0357484 0 0.0316358 0.0166472 0.999361 0 -14.503 0.331542 0.506966 1)
        (nd TRF 
            (SLT -1 3.82137e-15 8.74228e-08 -0 8.74228e-08 4.37114e-08 1 0 0 1 -4.37114e-08 0 0 0 0 1)
            (nd StaticMesh 
                (setVisible 1) 
                (load models/naohead.obj) 
                (sSc 0.1 0.1 0.1)
                (resetMaterials matLeft naoblack naogrey naowhite)
            )
        )
    )
    (nd TRF 
        (SLT 0.466764 -0.884382 -3.4616e-05 0 0.569733 0.300726 -0.764832 0 0.676414 0.356976 0.64423 0 -14.4573 0.244857 0.426969 1)
        (nd SMN 
            (setVisible 1) 
            (load StdUnitSphere) 
            (sSc 0.01 0.01 0.01) 
            (sMat matYellow)
        )
    )
    (nd TRF 
        (SLT 0.466728 -0.884401 1.32428e-05 0 0.569762 0.300671 -0.764832 0 0.676414 0.356976 0.64423 0 -14.4412 0.242026 0.411669 1)
        (nd StaticMesh 
            (setVisible 1) 
            (load models/rupperarm4.obj) 
            (sSc 0.07 0.07 0.07)
            (resetMaterials matLeft naowhite)
        )
    )
    (nd TRF 
        (SLT 0.466694 -0.884419 -1.92935e-05 0 0.569762 0.300671 -0.764832 0 0.676438 0.356931 0.64423 0 -14.3999 0.27513 0.363926 1)
        (nd SMN 
            (setVisible 1) 
            (load StdUnitSphere) 
            (sSc 0.01 0.01 0.01) 
            (sMat matYellow)
        )
    )
    (nd TRF 
        (SLT 0.466695 -0.884418 -2.06921e-05 0 0.569761 0.300673 -0.764832 0 0.676438 0.356931 0.64423 0 -14.3715 0.290163 0.325682 1)
        (nd StaticMesh 
            (setVisible 1) 
            (load models/rlowerarm.obj) 
            (sSc 0.05 0.05 0.05)
            (resetMaterials matLeft naowhite)
        )
    )
    (nd TRF 
        (SLT 0.466764 -0.884382 -3.45866e-05 0 0.569769 0.300745 -0.764798 0 0.676384 0.35696 0.64427 0 -14.5488 0.418195 0.426976 1)
        (nd SMN 
            (setVisible 1) 
            (load StdUnitSphere) 
            (sSc 0.01 0.01 0.01) 
            (sMat matYellow)
        )
    )
    (nd TRF 
        (SLT 0.46676 -0.884384 -3.0322e-05 0 0.569771 0.30074 -0.764798 0 0.676384 0.35696 0.64427 0 -14.5421 0.433054 0.411676 1)
        (nd StaticMesh 
            (setVisible 1) 
            (load models/lupperarm4.obj) 
            (sSc 0.07 0.07 0.07)
            (resetMaterials matLeft naowhite)
        )
    )
    (nd TRF 
        (SLT 0.466705 -0.884413 -8.33235e-05 0 0.569771 0.30074 -0.764798 0 0.676422 0.356887 0.64427 0 -14.4914 0.448475 0.363936 1)
        (nd SMN 
            (setVisible 1) 
            (load StdUnitSphere) 
            (sSc 0.01 0.01 0.01) 
            (sMat matYellow)
        )
    )
    (nd TRF 
        (SLT 0.466741 -0.884394 -0.0001312 0 0.569742 0.300796 -0.764798 0 0.676422 0.356887 0.64427 0 -14.4629 0.463514 0.325694 1)
        (nd StaticMesh 
            (setVisible 1) 
            (load models/llowerarm.obj) 
            (sSc 0.05 0.05 0.05)
            (resetMaterials matLeft naowhite)
        )
    )
    (nd TRF 
        (SLT 0.466745 -0.884392 -3.46308e-05 0 0.88439 0.466744 0.00188508 0 -0.00165098 -0.000910478 0.999998 0 -14.4859 0.278389 0.236969 1)
        (nd SMN 
            (setVisible 1) 
            (load StdUnitSphere) 
            (sSc 0.01 0.01 0.01) 
            (sMat matYellow)
        )
    )
    (nd TRF 
        (SLT 0.466745 -0.884392 -3.57653e-05 0 0.88439 0.466744 0.0018854 0 -0.00165074 -0.000911631 0.999998 0 -14.4859 0.278389 0.236983 1)
        (nd SMN 
            (setVisible 1) 
            (load StdUnitSphere) 
            (sSc 0.01 0.01 0.01) 
            (sMat matYellow)
        )
    )
    (nd TRF 
        (SLT 0.466745 -0.884392 -3.57555e-05 0 0.765095 0.403765 0.501601 0 -0.443597 -0.234147 0.865099 0 -14.4605 0.291792 0.20741 1)
        (nd StaticMesh 
            (setVisible 1) 
            (load models/rthigh.obj) 
            (sSc 0.07 0.07 0.07)(resetMaterials matNum1 matLeft naowhite)
        )
    )
    (nd TRF 
        (SLT 0.466745 -0.884392 -3.57411e-05 0 0.766698 0.404651 -0.49843 0 0.440822 0.232612 0.86693 0 -14.441 0.302084 0.0917153 1)
        (nd StaticMesh 
            (setVisible 1) 
            (load models/rshank4.obj) 
            (sSc 0.08 0.08 0.08)
            (resetMaterials matLeft naowhite)
        )
    )
    (nd TRF 
        (SLT 0.466745 -0.884392 -3.57228e-05 0 0.88439 0.466744 0.00185085 0 -0.0016202 -0.000895466 0.999998 0 -14.4729 0.285244 0.0490382 1)
        (nd SMN 
            (setVisible 1) 
            (load StdUnitSphere) 
            (sSc 0.01 0.01 0.01) 
            (sMat matRed)
        )
    )
    (nd TRF 
        (SLT 0.466745 -0.884392 -4.25902e-05 0 0.88439 0.466744 0.00185143 0 -0.00161751 -0.000901812 0.999998 0 -14.462 0.290993 0.00908199 1)
        (nd StaticMesh 
            (setVisible 1) 
            (load models/rfoot.obj) 
            (sSc 0.08 0.062241 0.08)
            (resetMaterials matLeft naowhite)
        )
    )
    (nd TRF 
        (SLT 0.466745 -0.884392 -4.25969e-05 0 0.88439 0.466744 0.00185149 0 -0.00161756 -0.000901846 0.999998 0 -14.3913 0.328337 0.00423691 1)
        (nd StaticMesh 
            (setVisible 1) 
            (load models/rfoot.obj) 
            (sSc 0.08 0.0228259 0.04)
            (resetMaterials matLeft naowhite)
        )
    )
    (nd TRF 
        (SLT 0.466757 -0.884385 -3.46716e-05 0 0.884384 0.466757 0.00185716 0 -0.00162626 -0.000897505 0.999998 0 -14.5373 0.37567 0.236972 1)
        (nd SMN 
            (setVisible 1) 
            (load StdUnitSphere) 
            (sSc 0.01 0.01 0.01) 
            (sMat matYellow)
        )
    )
    (nd TRF 
        (SLT 0.466757 -0.884385 4.00422e-05 0 0.884384 0.466757 0.00185754 0 -0.00166147 -0.000831609 0.999998 0 -14.5373 0.37567 0.236985 1)
        (nd SMN 
            (setVisible 1) 
            (load StdUnitSphere) 
            (sSc 0.01 0.01 0.01) 
            (sMat matYellow)
        )
    )
    (nd TRF 
        (SLT 0.466757 -0.884385 3.99869e-05 0 0.765096 0.403822 0.501553 0 -0.443582 -0.234073 0.865127 0 -14.5119 0.389072 0.20741 1)
        (nd StaticMesh 
            (setVisible 1) 
            (load models/lthigh.obj) 
            (sSc 0.07 0.07 0.07)
            (resetMaterials matLeft naowhite)
        )
    )
    (nd TRF 
        (SLT 0.466757 -0.884385 3.9929e-05 0 0.766664 0.404604 -0.49852 0 0.440867 0.232718 0.866878 0 -14.4924 0.399352 0.0917138 1)
        (nd StaticMesh 
            (setVisible 1) 
            (load models/lshank4.obj) 
            (sSc 0.08 0.08 0.08)
            (resetMaterials matLeft naowhite)
        )
    )
    (nd TRF 
        (SLT 0.466757 -0.884385 3.98633e-05 0 0.884384 0.466757 0.00176816 0 -0.00158234 -0.000790048 0.999998 0 -14.5243 0.382506 0.0490396 1)
        (nd SMN 
            (setVisible 1) 
            (load StdUnitSphere) 
            (sSc 0.01 0.01 0.01) 
            (sMat matRed)
        )
    )
    (nd TRF 
        (SLT 0.466757 -0.884385 9.24729e-05 0 0.884384 0.466757 0.00176881 0 -0.00160748 -0.000743825 0.999998 0 -14.5134 0.38825 0.00908164 1)
        (nd StaticMesh 
            (setVisible 1) 
            (load models/lfoot.obj) 
            (sSc 0.08 0.062241 0.08)
            (resetMaterials matLeft naowhite)
        )
    )
    (nd TRF 
        (SLT 0.466757 -0.884385 9.24636e-05 0 0.884384 0.466757 0.00176895 0 -0.00160759 -0.000743895 0.999998 0 -14.4426 0.425594 0.00423018 1)
        (nd StaticMesh 
            (setVisible 1) 
            (load models/lfoot.obj) 
            (sSc 0.08 0.0228259 0.04)
            (resetMaterials matLeft naowhite)
        )
    )
)

(nd TRF (SLT 1 0 0 0 0 1 0 0 0 0 1 0 0 0 0 1)
    (nd TRF 
        (SLT 0.295366 0.955093 0.0235847 0 -0.95525 0.295647 -0.00944805 0 -0.0159965 -0.0197387 0.999677 0 -4.09474 2.70253 0.34629 1)
        (nd TRF 
            (SLT -1 3.82137e-15 8.74228e-08 -0 8.74228e-08 4.37114e-08 1 0 0 1 -4.37114e-08 0 0 0 0 1)(nd StaticMesh (setVisible 1) (load models/naobody0.obj) (sSc 0.1 0.1 0.1)(resetMaterials matNum2 matLeft matType0 naowhite))
        )
        (nd TRF 
            (SLT 1 0 0 0 0 1 0 0 0 0 1 0 0 0 0 1)(nd SMN (setVisible 0) (setTransparent) (load StdUnitCylinder 1 1) (sSc 0.2 0.2 0.02) (sMat matSelect))
        )
    )
    (nd TRF 
        (SLT 0.91471 -0.404056 0.00671153 0 0.403793 0.914522 0.0245185 0 -0.0160447 -0.0197172 0.999677 0 -4.09618 2.70076 0.436289 1)
        (nd SMN (setVisible 1) (load StdCapsule 0.015 0.08) (sSc 1 1 1) (sMat matDarkGrey))
    )
    (nd TRF 
        (SLT 0.914712 -0.40405 0.00674814 0 0.403232 0.911509 -0.0809622 0 0.0265618 0.0767782 0.996694 0 -4.09701 2.69996 0.501274 1)
        (nd TRF 
            (SLT -1 3.82137e-15 8.74228e-08 -0 8.74228e-08 4.37114e-08 1 0 0 1 -4.37114e-08 0 0 0 0 1)
            (nd StaticMesh 
                (setVisible 1) 
                (load models/naohead.obj) (sSc 0.1 0.1 0.1)(resetMaterials matLeft naoblack naogrey naowhite)
            )
        )
    )
    (nd TRF 
        (SLT 0.296015 0.954894 0.0235241 0 -0.028907 0.0335722 -0.999018 0 -0.954746 0.295044 0.037541 0 -4.06698 2.79468 0.423605 1)
        (nd SMN 
            (setVisible 1) (load StdUnitSphere) (sSc 0.01 0.01 0.01) (sMat matYellow)
        )
    )
    (nd TRF 
        (SLT 0.290268 0.918211 0.269504 0 0.0438813 0.268562 -0.962263 0 -0.955939 0.29114 0.0376625 0 -4.06327 2.80929 0.406767 1)
        (nd StaticMesh 
            (setVisible 1) (load models/rupperarm0.obj) (sSc 0.07 0.07 0.07)(resetMaterials matLeft matType0 naowhite)
        )
    )
    (nd TRF 
        (SLT 0.991757 0.110295 0.065212 0 0.0350708 0.255845 -0.966081 0 -0.123238 0.960405 0.249868 0 -4.07191 2.82165 0.335765 1)
        (nd SMN 
            (setVisible 1) (load StdUnitSphere) (sSc 0.01 0.01 0.01) (sMat matYellow)
        )
    )
    (nd TRF 
        (SLT 0.159515 0.276615 -0.947649 0 -0.98048 -0.0673871 -0.184712 0 -0.114953 0.958615 0.260466 0 -4.12343 2.81904 0.3263 1)
        (nd StaticMesh 
            (setVisible 1) 
            (load models/rlowerarm.obj) (sSc 0.05 0.05 0.05)(resetMaterials matLeft naowhite)
        )
    )
    (nd TRF 
        (SLT 0.294692 0.955302 0.0235618 0 0.049618 0.00932664 -0.998725 0 -0.954303 0.295485 -0.0446517 0 -4.1249 2.60743 0.418972 1)
        (nd SMN 
            (setVisible 1)    (load StdUnitSphere) (sSc 0.01 0.01 0.01) (sMat matYellow)
        )
    )
    (nd TRF 
        (SLT 0.296292 0.895799 -0.331295 0 -0.0589909 -0.329044 -0.94247 0 -0.953274 0.298789 -0.044649 0 -4.12912 2.59187 0.403132 1)
        (nd StaticMesh 
            (setVisible 1) (load models/lupperarm0.obj) (sSc 0.07 0.07 0.07)(resetMaterials matLeft matType0 naowhite)
        )
    )
    (nd TRF 
        (SLT -0.936178 0.346892 -0.0568945 0 -0.0587219 -0.3139 -0.947638 0 -0.346588 -0.883817 0.314236 0 -4.13906 2.58046 0.332186 1)
        (nd SMN (setVisible 1) (load StdUnitSphere) (sSc 0.01 0.01 0.01) (sMat matYellow))
    )
    (nd TRF 
        (SLT -0.417248 0.451929 0.788457 0 -0.842577 0.132727 -0.521965 0 -0.340541 -0.882124 0.325405 0 -4.18413 2.58692 0.305103 1)
        (nd StaticMesh 
            (setVisible 1) (load models/llowerarm.obj) (sSc 0.05 0.05 0.05)(resetMaterials matLeft naowhite)
        )
    )
    (nd TRF 
        (SLT 0.312246 0.949709 0.0235549 0 -0.950001 0.312128 0.00863988 0 0.000853256 -0.0250749 0.999685 0 -4.06709 2.75438 0.232686 1)
        (nd SMN (setVisible 1) (load StdUnitSphere) (sSc 0.01 0.01 0.01) (sMat matYellow))
    )
    (nd TRF 
        (SLT 0.311532 0.945068 0.0989685 0 -0.949959 0.31226 0.00844043 0 -0.0229272 -0.0966455 0.995055 0 -4.06709 2.75438 0.232693 1)
        (nd SMN (setVisible 1) (load StdUnitSphere) (sSc 0.01 0.01 0.01) (sMat matYellow))
    )
    (nd TRF 
        (SLT 0.310096 0.945617 0.0982333 0 -0.893981 0.254876 0.368559 0 0.323479 -0.202107 0.924399 0 -4.08922 2.76506 0.198983 1)
        (nd StaticMesh (setVisible 1) (load models/rthigh.obj) (sSc 0.07 0.07 0.07)(resetMaterials matNum2 matLeft naowhite))
    )
    (nd TRF 
        (SLT 0.310937 0.945185 0.0997125 0 -0.559115 0.266746 -0.785008 0 -0.768576 0.188338 0.611408 0 -4.08164 2.77421 0.0865295 1)
        (nd StaticMesh (setVisible 1) (load models/rshank0.obj) (sSc 0.08 0.08 0.08)(resetMaterials matLeft matType0 naowhite))
    )
    (nd TRF 
        (SLT 0.311631 0.945004 0.0992689 0 -0.950174 0.310733 0.0247765 0 -0.00743232 -0.102044 0.994752 0 -4.03339 2.76114 0.0604691 1)
        (nd SMN (setVisible 1) (load StdUnitSphere) (sSc 0.01 0.01 0.01) (sMat matRed))
    )
    (nd TRF 
        (SLT 0.311106 0.95022 0.0171531 0 -0.950198 0.310649 0.0249149 0 0.018346 -0.02405 0.999542 0 -4.06251 2.77181 0.0212622 1)
        (nd StaticMesh (setVisible 1) (load models/rfoot.obj) (sSc 0.08 0.08 0.08)(resetMaterials matLeft naowhite))
    )
    (nd TRF (SLT 0.276226 0.960803 0.023597 0 -0.961087 0.276059 0.0101212 0 0.00321035 -0.0254745 0.99967 0 -4.09961 2.6493 0.230105 1)(nd SMN (setVisible 1) (load StdUnitSphere) (sSc 0.01 0.01 0.01) (sMat matYellow)))(nd TRF (SLT 0.275568 0.96071 -0.0331474 0 -0.9611 0.276022 0.00991098 0 0.018671 0.0291269 0.999401 0 -4.09961 2.64931 0.230131 1)(nd SMN (setVisible 1) (load StdUnitSphere) (sSc 0.01 0.01 0.01) (sMat matYellow)))(nd TRF (SLT 0.274372 0.961042 -0.0334465 0 -0.846282 0.257833 0.466185 0 0.456647 -0.0996029 0.884055 0 -4.12657 2.65587 0.199188 1)(nd StaticMesh (setVisible 1) (load models/lthigh.obj) (sSc 0.07 0.07 0.07)(resetMaterials matLeft naowhite)))(nd TRF (SLT 0.274959 0.960863 -0.0337515 0 -0.774894 0.200688 -0.599386 0 -0.569154 0.19096 0.799748 0 -4.14111 2.65582 0.0831035 1)(nd StaticMesh (setVisible 1) (load models/lshank0.obj) (sSc 0.08 0.08 0.08)(resetMaterials matLeft matType0 naowhite)))
    (nd TRF (SLT 0.275306 0.960786 -0.033106 0 -0.961355 0.275081 -0.011285 0 -0.00173567 0.0349334 0.999388 0 -4.10167 2.64317 0.0447614 1)(nd SMN (setVisible 1) (load StdUnitSphere) (sSc 0.01 0.01 0.01) (sMat matRed)))(nd TRF (SLT 0.274747 0.961391 0.0155323 0 -0.961401 0.274928 -0.0110508 0 -0.0148944 -0.0118966 0.999818 0 -4.13 2.65166 0.0044557 1)(nd StaticMesh (setVisible 1) (load models/lfoot.obj) (sSc 0.08 0.08 0.08)(resetMaterials matLeft naowhite)))
)
(nd TRF (SLT 1 0 0 0 0 1 0 0 0 0 1 0 0 0 0 1)(nd TRF (SLT -0.36704 0.930204 -0.0014695 0 -0.926354 -0.365664 -0.0903242 0 -0.0845572 -0.0317913 0.995911 0 -1.44613 5.87509 0.352509 1)(nd TRF (SLT -1 3.82137e-15 8.74228e-08 -0 8.74228e-08 4.37114e-08 1 0 0 1 -4.37114e-08 0 0 0 0 1)(nd StaticMesh (setVisible 1) (load models/naobody4.obj) (sSc 0.1 0.1 0.1)(resetMaterials matNum3 matLeft naowhite)))(nd TRF (SLT 1 0 0 0 0 1 0 0 0 0 1 0 0 0 0 1)(nd SMN (setVisible 0) (setTransparent) (load StdUnitCylinder 1 1) (sSc 0.2 0.2 0.02) (sMat matSelect))))(nd TRF (SLT 0.680607 0.728153 0.0810422 0 -0.727762 0.684673 -0.039815 0 -0.0844788 -0.0318811 0.995915 0 -1.45373 5.8722 0.442279 1)(nd SMN (setVisible 1) (load StdCapsule 0.015 0.08) (sSc 1 1 1) (sMat matDarkGrey)))(nd TRF (SLT 0.680413 0.728326 0.0811177 0 -0.655636 0.654451 -0.37661 0 -0.327382 0.203067 0.922814 0 -1.46043 5.87129 0.506748 1)(nd TRF (SLT -1 3.82137e-15 8.74228e-08 -0 8.74228e-08 4.37114e-08 1 0 0 1 -4.37114e-08 0 0 0 0 1)(nd StaticMesh (setVisible 1) (load models/naohead.obj) (sSc 0.1 0.1 0.1)(resetMaterials matLeft naoblack naogrey naowhite))))(nd TRF (SLT -0.366967 0.930234 -0.00035506 0 0.399612 0.157298 -0.903088 0 -0.840027 -0.331545 -0.429456 0 -1.48845 5.96393 0.427137 1)(nd SMN (setVisible 1) (load StdUnitSphere) (sSc 0.01 0.01 0.01) (sMat matYellow)))(nd TRF (SLT -0.459712 0.860398 0.219954 0 0.2948 0.381483 -0.876107 0 -0.83771 -0.337915 -0.429017 0 -1.48715 5.98025 0.41133 1)(nd StaticMesh (setVisible 1) (load models/rupperarm4.obj) (sSc 0.07 0.07 0.07)(resetMaterials matLeft naowhite)))(nd TRF (SLT 0.830307 0.357033 0.427922 0 0.298492 0.363522 -0.882471 0 -0.47063 0.860453 0.195263 0 -1.46923 5.99558 0.341982 1)(nd SMN (setVisible 1) (load StdUnitSphere) (sSc 0.01 0.01 0.01) (sMat matYellow)))(nd TRF (SLT 0.669816 0.498772 -0.550067 0 -0.576072 -0.11834 -0.808787 0 -0.468495 0.858616 0.208062 0 -1.5013 5.98981 0.299163 1)(nd StaticMesh (setVisible 1) (load models/rlowerarm.obj) (sSc 0.05 0.05 0.05)(resetMaterials matLeft naowhite)))(nd TRF (SLT -0.367156 0.930156 -0.00266868 0 -0.250267 -0.101549 -0.962836 0 -0.895859 -0.352843 0.270072 0 -1.41647 5.78144 0.427494 1)(nd SMN (setVisible 1) (load StdUnitSphere) (sSc 0.01 0.01 0.01) (sMat matYellow)))(nd TRF (SLT -0.429436 0.835138 -0.3437 0 -0.105588 -0.424399 -0.899298 0 -0.896904 -0.3499 0.270433 0 -1.41438 5.76444 0.412705 1)(nd StaticMesh (setVisible 1) (load models/lupperarm4.obj) (sSc 0.07 0.07 0.07)(resetMaterials matLeft naowhite)))(nd TRF (SLT -0.993296 0.0539416 0.102246 0 -0.115437 -0.415512 -0.902233 0 -0.00618343 -0.907987 0.418953 0 -1.43457 5.73956 0.347752 1)(nd SMN (setVisible 1) (load StdUnitSphere) (sSc 0.01 0.01 0.01) (sMat matYellow)))(nd TRF (SLT -0.0139984 0.429818 0.902807 0 -0.999892 -0.010135 -0.0106786 0 0.00456008 -0.902858 0.429914 0 -1.48706 5.7383 0.347911 1)(nd StaticMesh (setVisible 1) (load models/llowerarm.obj) (sSc 0.05 0.05 0.05)(resetMaterials matLeft naowhite)))(nd TRF (SLT -0.347335 0.937741 0.000391232 0 -0.935498 -0.346475 -0.0692645 0 -0.0648166 -0.024424 0.997598 0 -1.44734 5.93365 0.2386 1)(nd SMN (setVisible 1) (load StdUnitSphere) (sSc 0.01 0.01 0.01) (sMat matYellow)))(nd TRF (SLT -0.34569 0.938008 -0.0253058 0 -0.935444 -0.346614 -0.0693062 0 -0.0737811 -0.000286277 0.997274 0 -1.44733 5.93365 0.238603 1)(nd SMN (setVisible 1) (load StdUnitSphere) (sSc 0.01 0.01 0.01) (sMat matYellow)))(nd TRF (SLT -0.346054 0.937819 -0.0272371 0 -0.899794 -0.32352 0.292755 0 0.265739 0.125817 0.9558 0 -1.46738 5.92512 0.202663 1)(nd StaticMesh (setVisible 1) (load models/rthigh.obj) (sSc 0.07 0.07 0.07)(resetMaterials matNum3 matLeft naowhite)))(nd TRF (SLT -0.345868 0.93789 -0.0271543 0 -0.491257 -0.205667 -0.846385 0 -0.799401 -0.279397 0.531879 0 -1.45281 5.92701 0.0897422 1)(nd StaticMesh (setVisible 1) (load models/rshank4.obj) (sSc 0.08 0.08 0.08)(resetMaterials matLeft naowhite)))(nd TRF (SLT -0.346207 0.937803 -0.025806 0 -0.938029 -0.346484 -0.00703763 0 -0.0155413 0.0217703 0.999642 0 -1.40265 5.94486 0.0680275 1)(nd SMN (setVisible 1) (load StdUnitSphere) (sSc 0.01 0.01 0.01) (sMat matRed)))(nd TRF (SLT -0.346494 0.938051 -0.00175827 0 -0.938025 -0.346497 -0.00702347 0 -0.00719761 -0.000784289 0.999974 0 -1.41383 5.94051 0.0278796 1)(nd StaticMesh (setVisible 1) (load models/rfoot.obj) (sSc 0.08 0.062241 0.08)(resetMaterials matLeft naowhite)))(nd TRF (SLT -0.346493 0.938051 -0.00175827 0 -0.938025 -0.346497 -0.00702573 0 -0.00719973 -0.000785069 0.999974 0 -1.48902 5.9127 0.022309 1)(nd StaticMesh (setVisible 1) (load models/rfoot.obj) (sSc 0.08 0.0228259 0.04)(resetMaterials matLeft naowhite)))(nd TRF (SLT -0.383135 0.923688 -0.0027988 0 -0.921158 -0.382306 -0.0728689 0 -0.0683782 -0.0253405 0.997338 0 -1.40696 5.83123 0.238837 1)(nd SMN (setVisible 1) (load StdUnitSphere) (sSc 0.01 0.01 0.01) (sMat matYellow)))(nd TRF (SLT -0.384905 0.922635 0.0243336 0 -0.921131 -0.382353 -0.0729658 0 -0.0580168 -0.0504993 0.997038 0 -1.40697 5.83124 0.238876 1)(nd SMN (setVisible 1) (load StdUnitSphere) (sSc 0.01 0.01 0.01) (sMat matYellow)))(nd TRF (SLT -0.38371 0.923052 0.0272486 0 -0.848511 -0.364061 0.384042 0 0.364411 0.12424 0.922913 0 -1.43076 5.82248 0.204872 1)(nd StaticMesh (setVisible 1) (load models/lthigh.obj) (sSc 0.07 0.07 0.07)(resetMaterials matLeft naowhite)))(nd TRF (SLT -0.384389 0.922784 0.0267448 0 -0.736133 -0.288899 -0.612083 0 -0.557094 -0.254966 0.790341 0 -1.43839 5.82318 0.084534 1)(nd StaticMesh (setVisible 1) (load models/lshank4.obj) (sSc 0.08 0.08 0.08)(resetMaterials matLeft naowhite)))(nd TRF (SLT -0.385447 0.922408 0.0243935 0 -0.921679 -0.386135 0.0375277 0 0.044035 -0.00801803 0.998998 0 -1.39963 5.84048 0.0466206 1)(nd SMN (setVisible 1) (load StdUnitSphere) (sSc 0.01 0.01 0.01) (sMat matRed)))(nd TRF (SLT -0.386341 0.922355 -0.00150939 0 -0.921725 -0.386015 0.0376212 0 0.0341175 0.0159258 0.999291 0 -1.41237 5.83524 0.00710566 1)(nd StaticMesh (setVisible 1) (load models/lfoot.obj) (sSc 0.08 0.062241 0.08)(resetMaterials matLeft naowhite)))(nd TRF (SLT -0.38634 0.922355 -0.00150922 0 -0.921728 -0.386016 0.0375386 0 0.0340413 0.0158938 0.999294 0 -1.48644 5.80419 0.00512577 1)(nd StaticMesh (setVisible 1) (load models/lfoot.obj) (sSc 0.08 0.0228259 0.04)(resetMaterials matLeft naowhite))))(nd TRF (SLT 1 0 0 0 0 1 0 0 0 0 1 0 0 0 0 1)(nd TRF (SLT 0.826813 0.562217 -0.0171128 0 -0.56191 0.826962 0.0197562 0 0.0252589 -0.00671883 0.999658 0 -1.88638 -10.5698 0.357032 1)(nd TRF (SLT -1 3.82137e-15 8.74228e-08 -0 8.74228e-08 4.37114e-08 1 0 0 1 -4.37114e-08 0 0 0 0 1)(nd StaticMesh (setVisible 1) (load models/naobody2.obj) (sSc 0.1 0.1 0.1)(resetMaterials matNum4 matLeft matType2 naowhite)))(nd TRF (SLT 1 0 0 0 0 1 0 0 0 0 1 0 0 0 0 1)(nd SMN (setVisible 0) (setTransparent) (load StdUnitCylinder 1 1) (sSc 0.2 0.2 0.02) (sMat matSelect))))(nd TRF (SLT -0.272694 0.962032 0.011529 0 -0.961816 -0.272885 0.0210832 0 0.0234288 -0.00533951 0.999711 0 -1.884 -10.5704 0.447061 1)(nd SMN (setVisible 1) (load StdCapsule 0.015 0.08) (sSc 1 1 1) (sMat matDarkGrey)))(nd TRF (SLT -0.271582 0.962396 0.00608866 0 -0.962275 -0.271645 0.0153674 0 0.0164434 -0.00168546 0.999863 0 -1.88235 -10.5707 0.512151 1)(nd TRF (SLT -1 3.82137e-15 8.74228e-08 -0 8.74228e-08 4.37114e-08 1 0 0 1 -4.37114e-08 0 0 0 0 1)(nd StaticMesh (setVisible 1) (load models/naohead.obj) (sSc 0.1 0.1 0.1)(resetMaterials matLeft naoblack naogrey naowhite))))(nd TRF (SLT 0.827326 0.561171 -0.0248659 0 -0.144298 0.169538 -0.974902 0 -0.542871 0.810151 0.221239 0 -1.80293 -10.5146 0.430467 1)(nd SMN (setVisible 1) (load StdUnitSphere) (sSc 0.01 0.01 0.01) (sMat matYellow)))(nd TRF (SLT 0.826454 0.469882 0.310138 0 0.147067 0.35156 -0.924542 0 -0.543457 0.809702 0.221444 0 -1.79172 -10.5029 0.414898 1)(nd StaticMesh (setVisible 1) (load models/rupperarm2.obj) (sSc 0.07 0.07 0.07)(resetMaterials matLeft matType2 naowhite)))(nd TRF (SLT 0.907356 -0.419593 -0.0254196 0 0.134022 0.346073 -0.928586 0 0.398425 0.839151 0.370246 0 -1.795 -10.476 0.347783 1)(nd SMN (setVisible 1) (load StdUnitSphere) (sSc 0.01 0.01 0.01) (sMat matYellow)))(nd TRF (SLT 0.119951 0.355366 -0.926999 0 -0.907734 0.417383 0.0425457 0 0.402032 0.836365 0.372643 0 -1.84213 -10.4536 0.349064 1)(nd StaticMesh (setVisible 1) (load models/rlowerarm.obj) (sSc 0.05 0.05 0.05)(resetMaterials matLeft naowhite)))(nd TRF (SLT 0.826112 0.563427 -0.00944002 0 0.0909269 -0.149815 -0.984524 0 -0.556121 0.812469 -0.174995 0 -1.96588 -10.6259 0.433643 1)(nd SMN (setVisible 1) (load StdUnitSphere) (sSc 0.01 0.01 0.01) (sMat matYellow)))(nd TRF (SLT 0.821754 0.505053 -0.263899 0 -0.126256 -0.29023 -0.948592 0 -0.55568 0.812827 -0.174731 0 -1.97668 -10.6368 0.417183 1)(nd StaticMesh (setVisible 1) (load models/lupperarm2.obj) (sSc 0.07 0.07 0.07)(resetMaterials matLeft matType2 naowhite)))(nd TRF (SLT -0.63819 0.756148 -0.144752 0 -0.118053 -0.28191 -0.95215 0 -0.760774 -0.590564 0.269178 0 -1.98237 -10.6443 0.345658 1)(nd SMN (setVisible 1) (load StdUnitSphere) (sSc 0.01 0.01 0.01) (sMat matYellow)))(nd TRF (SLT -0.317909 0.701536 0.637794 0 -0.5706 0.395667 -0.719627 0 -0.757198 -0.592702 0.27451 0 -2.01279 -10.6234 0.308948 1)(nd StaticMesh (setVisible 1) (load models/llowerarm.obj) (sSc 0.05 0.05 0.05)(resetMaterials matLeft naowhite)))(nd TRF (SLT 0.825023 0.564958 -0.0126041 0 -0.564755 0.825094 0.0164539 0 0.0196953 -0.00645661 0.999785 0 -1.83803 -10.5462 0.240931 1)(nd SMN (setVisible 1) (load StdUnitSphere) (sSc 0.01 0.01 0.01) (sMat matYellow)))(nd TRF (SLT 0.822602 0.56219 0.085253 0 -0.565339 0.824692 0.0165945 0 -0.0609782 -0.0618475 0.996221 0 -1.83803 -10.5462 0.240956 1)(nd SMN (setVisible 1) (load StdUnitSphere) (sSc 0.01 0.01 0.01) (sMat matYellow)))(nd TRF (SLT 0.821984 0.562529 0.0889025 0 -0.56014 0.770346 0.304648 0 0.102888 -0.300214 0.948307 0 -1.84784 -10.5264 0.20602 1)(nd StaticMesh (setVisible 1) (load models/rthigh.obj) (sSc 0.07 0.07 0.07)(resetMaterials matNum4 matLeft naowhite)))(nd TRF (SLT 0.822218 0.56234 0.0879219 0 -0.395737 0.67584 -0.621798 0 -0.409083 0.476459 0.778227 0 -1.83878 -10.5208 0.0871698 1)(nd StaticMesh (setVisible 1) (load models/rshank2.obj) (sSc 0.08 0.08 0.08)(resetMaterials matLeft matType2 naowhite)))(nd TRF (SLT 0.822287 0.562112 0.0887334 0 -0.564387 0.82551 0.000663784 0 -0.0728771 -0.0506258 0.996055 0 -1.81213 -10.5539 0.0505483 1)(nd SMN (setVisible 1) (load StdUnitSphere) (sSc 0.01 0.01 0.01) (sMat matRed)))(nd TRF (SLT 0.825365 0.564092 0.0239377 0 -0.564276 0.825585 0.00113111 0 -0.0191245 -0.014441 0.999713 0 -1.82812 -10.5283 0.0106109 1)(nd StaticMesh (setVisible 1) (load models/rfoot.obj) (sSc 0.08 0.08 0.08)(resetMaterials matLeft naowhite)))(nd TRF (SLT 0.829928 0.557783 -0.00993957 0 -0.557638 0.829964 0.0141106 0 0.0161201 -0.00616806 0.999851 0 -1.92947 -10.6087 0.242687 1)(nd SMN (setVisible 1) (load StdUnitSphere) (sSc 0.01 0.01 0.01) (sMat matYellow)))(nd TRF (SLT 0.82983 0.557357 -0.0271157 0 -0.557166 0.830268 0.0148661 0 0.030799 0.00277164 0.999522 0 -1.92947 -10.6087 0.242687 1)(nd SMN (setVisible 1) (load StdUnitSphere) (sSc 0.01 0.01 0.01) (sMat matYellow)))(nd TRF (SLT 0.830176 0.555701 -0.0447772 0 -0.449435 0.714615 0.536035 0 0.329873 -0.424878 0.843008 0 -1.948 -10.5843 0.214242 1)(nd StaticMesh (setVisible 1) (load models/lthigh.obj) (sSc 0.07 0.07 0.07)(resetMaterials matLeft naowhite)))(nd TRF (SLT 0.831422 0.554508 -0.0354839 0 -0.436376 0.612094 -0.659482 0 -0.343969 0.563792 0.750882 0 -1.96156 -10.5732 0.103358 1)(nd StaticMesh (setVisible 1) (load models/lshank2.obj) (sSc 0.08 0.08 0.08)(resetMaterials matLeft matType2 naowhite)))(nd TRF (SLT 0.830839 0.555153 -0.0388752 0 -0.555614 0.831439 -0.00127264 0 0.0316159 0.022657 0.999243 0 -1.93716 -10.6109 0.0685337 1)(nd SMN (setVisible 1) (load StdUnitSphere) (sSc 0.01 0.01 0.01) (sMat matRed)))(nd TRF (SLT 0.831324 0.555672 0.0113509 0 -0.555711 0.831375 0.000421163 0 -0.00920281 -0.00665793 0.999936 0 -1.95441 -10.5854 0.0285074 1)(nd StaticMesh (setVisible 1) (load models/lfoot.obj) (sSc 0.08 0.08 0.08)(resetMaterials matLeft naowhite))))(nd TRF (SLT 1 0 0 0 0 1 0 0 0 0 1 0 0 0 0 1)(nd TRF (SLT 0.603528 -0.787542 -0.124626 0 0.793452 0.608622 -0.00356365 0 0.0786565 -0.0967339 0.992197 0 -8.55601 3.77363 0.348974 1)(nd TRF (SLT -1 3.82137e-15 8.74228e-08 -0 8.74228e-08 4.37114e-08 1 0 0 1 -4.37114e-08 0 0 0 0 1)(nd StaticMesh (setVisible 1) (load models/naobody0.obj) (sSc 0.1 0.1 0.1)(resetMaterials matNum5 matLeft matType0 naowhite)))(nd TRF (SLT 1 0 0 0 0 1 0 0 0 0 1 0 0 0 0 1)(nd SMN (setVisible 0) (setTransparent) (load StdUnitCylinder 1 1) (sSc 0.2 0.2 0.02) (sMat matSelect))))(nd TRF (SLT 0.34082 -0.932667 -0.118208 0 0.93685 0.347428 -0.0400784 0 0.0784486 -0.0970835 0.99218 0 -8.54899 3.76476 0.438522 1)(nd SMN (setVisible 1) (load StdCapsule 0.015 0.08) (sSc 1 1 1) (sMat matDarkGrey)))(nd TRF (SLT 0.340767 -0.93265 -0.118498 0 0.937689 0.346275 -0.0288596 0 0.0679487 -0.10128 0.992535 0 -8.54396 3.75834 0.5032 1)(nd TRF (SLT -1 3.82137e-15 8.74228e-08 -0 8.74228e-08 4.37114e-08 1 0 0 1 -4.37114e-08 0 0 0 0 1)(nd StaticMesh (setVisible 1) (load models/naohead.obj) (sSc 0.1 0.1 0.1)(resetMaterials matLeft naoblack naogrey naowhite))))(nd TRF (SLT 0.599249 -0.790316 -0.127672 0 -0.294104 -0.0690036 -0.953279 0 0.744582 0.608801 -0.273786 0 -8.49068 3.68875 0.411337 1)(nd SMN (setVisible 1) (load StdUnitSphere) (sSc 0.01 0.01 0.01) (sMat matYellow)))(nd TRF (SLT 0.665343 -0.717366 0.206654 0 -0.0684541 -0.334275 -0.939986 0 0.743393 0.611267 -0.271514 0 -8.48537 3.67494 0.394261 1)(nd StaticMesh (setVisible 1) (load models/rupperarm0.obj) (sSc 0.07 0.07 0.07)(resetMaterials matLeft matType0 naowhite)))(nd TRF (SLT -0.673303 -0.682514 0.284318 0 -0.0720197 -0.322173 -0.943937 0 0.73585 -0.656033 0.167766 0 -8.49049 3.66458 0.322351 1)(nd SMN (setVisible 1) (load StdUnitSphere) (sSc 0.01 0.01 0.01) (sMat matYellow)))(nd TRF (SLT -0.352033 -0.583861 -0.731559 0 0.583226 0.474475 -0.659334 0 0.732066 -0.658771 0.173492 0 -8.45955 3.68908 0.287655 1)(nd StaticMesh (setVisible 1) (load models/rlowerarm.obj) (sSc 0.05 0.05 0.05)(resetMaterials matLeft naowhite)))(nd TRF (SLT 0.607939 -0.784607 -0.121665 0 0.150099 0.264042 -0.95276 0 0.779667 0.560959 0.27829 0 -8.60963 3.84373 0.435857 1)(nd SMN (setVisible 1) (load StdUnitSphere) (sSc 0.01 0.01 0.01) (sMat matYellow)))(nd TRF (SLT 0.624652 -0.691105 -0.363569 0 -0.0108982 0.457815 -0.888981 0 0.780827 0.559266 0.278443 0 -8.61605 3.86014 0.421443 1)(nd StaticMesh (setVisible 1) (load models/lupperarm0.obj) (sSc 0.07 0.07 0.07)(resetMaterials matLeft matType0 naowhite)))(nd TRF (SLT 0.954217 0.265255 0.13824 0 0.00256764 0.45488 -0.890549 0 -0.299106 0.850131 0.433373 0 -8.60318 3.89123 0.356642 1)(nd SMN (setVisible 1) (load StdUnitSphere) (sSc 0.01 0.01 0.01) (sMat matYellow)))(nd TRF (SLT 0.283066 -0.359825 0.889045 0 0.907816 0.399573 -0.127322 0 -0.309425 0.84313 0.43976 0 -8.55648 3.91243 0.350675 1)(nd StaticMesh (setVisible 1) (load models/llowerarm.obj) (sSc 0.05 0.05 0.05)(resetMaterials matLeft naowhite)))(nd TRF (SLT 0.606205 -0.785581 -0.124011 0 0.791464 0.611208 -0.00293557 0 0.0781027 -0.0963707 0.992276 0 -8.53956 3.73537 0.22773 1)(nd SMN (setVisible 1) (load StdUnitSphere) (sSc 0.01 0.01 0.01) (sMat matYellow)))(nd TRF (SLT 0.60825 -0.783869 -0.124823 0 0.789994 0.613114 -0.000698214 0 0.0770781 -0.0981849 0.992179 0 -8.53957 3.73536 0.22774 1)(nd SMN (setVisible 1) (load StdUnitSphere) (sSc 0.01 0.01 0.01) (sMat matYellow)))(nd TRF (SLT 0.610233 -0.782709 -0.122402 0 0.731518 0.497393 0.466349 0 -0.304134 -0.37412 0.876092 0 -8.51993 3.7554 0.197166 1)(nd StaticMesh (setVisible 1) (load models/rthigh.obj) (sSc 0.07 0.07 0.07)(resetMaterials matNum5 matLeft naowhite)))(nd TRF (SLT 0.609735 -0.782652 -0.125214 0 0.565523 0.54027 -0.623131 0 0.555344 0.309133 0.77203 0 -8.51843 3.77444 0.0831386 1)(nd StaticMesh (setVisible 1) (load models/rshank0.obj) (sSc 0.08 0.08 0.08)(resetMaterials matLeft matType0 naowhite)))(nd TRF (SLT 0.609382 -0.78321 -0.123432 0 0.789531 0.613699 0.00380684 0 0.0727684 -0.099773 0.992346 0 -8.55482 3.75191 0.046793 1)(nd SMN (setVisible 1) (load StdUnitSphere) (sSc 0.01 0.01 0.01) (sMat matRed)))(nd TRF (SLT 0.613792 -0.787958 -0.0488053 0 0.788932 0.614479 0.00116593 0 0.0290711 -0.0392197 0.998808 0 -8.53245 3.77226 0.00682681 1)(nd StaticMesh (setVisible 1) (load models/rfoot.obj) (sSc 0.08 0.08 0.08)(resetMaterials matLeft naowhite)))(nd TRF (SLT 0.601269 -0.789421 -0.123658 0 0.794718 0.606893 -0.0101496 0 0.0830596 -0.0921709 0.992273 0 -8.60632 3.82235 0.241486 1)(nd SMN (setVisible 1) (load StdUnitSphere) (sSc 0.01 0.01 0.01) (sMat matYellow)))(nd TRF (SLT 0.567067 -0.746085 -0.348989 0 0.792061 0.610191 -0.0174866 0 0.225996 -0.266504 0.936964 0 -8.60632 3.82236 0.241492 1)(nd SMN (setVisible 1) (load StdUnitSphere) (sSc 0.01 0.01 0.01) (sMat matYellow)))(nd TRF (SLT 0.570823 -0.741071 -0.353517 0 0.814184 0.455226 0.360379 0 -0.106136 -0.493541 0.863222 0 -8.59406 3.84692 0.210309 1)(nd StaticMesh (setVisible 1) (load models/lthigh.obj) (sSc 0.07 0.07 0.07)(resetMaterials matLeft naowhite)))(nd TRF (SLT 0.567062 -0.746088 -0.348988 0 0.376947 0.61179 -0.695431 0 0.73236 0.262803 0.628158 0 -8.61963 3.87854 0.102908 1)(nd StaticMesh (setVisible 1) (load models/lshank0.obj) (sSc 0.08 0.08 0.08)(resetMaterials matLeft matType0 naowhite)))(nd TRF (SLT 0.567595 -0.74466 -0.351165 0 0.794106 0.607757 -0.00524424 0 0.217328 -0.275886 0.936299 0 -8.66418 3.8577 0.074734 1)(nd SMN (setVisible 1) (load StdUnitSphere) (sSc 0.01 0.01 0.01) (sMat matRed)))(nd TRF (SLT 0.605003 -0.79366 -0.0638343 0 0.79536 0.606133 0.00206409 0 0.0370539 -0.05202 0.997958 0 -8.64256 3.87926 0.0349892 1)(nd StaticMesh (setVisible 1) (load models/lfoot.obj) (sSc 0.08 0.08 0.08)(resetMaterials matLeft naowhite))))(nd TRF (SLT 1 0 0 0 0 1 0 0 0 0 1 0 0 0 0 1)(nd TRF (SLT 0.534965 -0.839451 0.0955723 0 0.843279 0.537476 0.000623164 0 -0.0518909 0.0802608 0.995422 0 3.89457 3.78718 0.362108 1)(nd TRF (SLT -1 3.82137e-15 8.74228e-08 -0 8.74228e-08 4.37114e-08 1 0 0 1 -4.37114e-08 0 0 0 0 1)(nd StaticMesh (setVisible 1) (load models/naobody2.obj) (sSc 0.1 0.1 0.1)(resetMaterials matNum6 matLeft matType2 naowhite)))(nd TRF (SLT 1 0 0 0 0 1 0 0 0 0 1 0 0 0 0 1)(nd SMN (setVisible 0) (setTransparent) (load StdUnitCylinder 1 1) (sSc 0.2 0.2 0.02) (sMat matSelect))))(nd TRF (SLT 0.879252 0.476311 0.0066553 0 -0.473604 0.875584 -0.0951453 0 -0.051146 0.0805047 0.995441 0 3.8899 3.79441 0.451708 1)(nd SMN (setVisible 1) (load StdCapsule 0.015 0.08) (sSc 1 1 1) (sMat matDarkGrey)))(nd TRF (SLT 0.879143 0.476471 0.0090925 0 -0.4757 0.878545 -0.0432134 0 -0.0285781 0.0336654 0.999025 0 3.88664 3.7994 0.516442 1)(nd TRF (SLT -1 3.82137e-15 8.74228e-08 -0 8.74228e-08 4.37114e-08 1 0 0 1 -4.37114e-08 0 0 0 0 1)(nd StaticMesh (setVisible 1) (load models/naohead.obj) (sSc 0.1 0.1 0.1)(resetMaterials matLeft naoblack naogrey naowhite))))(nd TRF (SLT 0.534408 -0.839811 0.0955294 0 -0.169106 -0.216972 -0.961419 0 0.828137 0.497635 -0.257968 0 3.94314 3.7109 0.446142 1)(nd SMN (setVisible 1) (load StdUnitSphere) (sSc 0.01 0.01 0.01) (sMat matYellow)))(nd TRF (SLT 0.56055 -0.754675 0.340952 0 -0.0246675 -0.426752 -0.904032 0 0.827753 0.498345 -0.257832 0 3.9483 3.6948 0.431206 1)(nd StaticMesh (setVisible 1) (load models/rupperarm2.obj) (sSc 0.07 0.07 0.07)(resetMaterials matLeft matType2 naowhite)))(nd TRF (SLT -0.840281 -0.481655 0.248871 0 -0.031814 -0.414446 -0.909517 0 0.541218 -0.772167 0.332928 0 3.94863 3.67693 0.361059 1)(nd SMN (setVisible 1) (load StdUnitSphere) (sSc 0.01 0.01 0.01) (sMat matYellow)))(nd TRF (SLT -0.504185 -0.621149 -0.599977 0 0.675626 0.149014 -0.722028 0 0.537891 -0.769395 0.344534 0 3.98506 3.68559 0.324106 1)(nd StaticMesh (setVisible 1) (load models/rlowerarm.obj) (sSc 0.05 0.05 0.05)(resetMaterials matLeft naowhite)))(nd TRF (SLT 0.535614 -0.839029 0.0956423 0 0.28566 0.0734375 -0.955513 0 0.794679 0.539108 0.279011 0 3.83823 3.87551 0.427405 1)(nd SMN (setVisible 1) (load StdUnitSphere) (sSc 0.01 0.01 0.01) (sMat matYellow)))(nd TRF (SLT 0.600423 -0.763735 -0.237068 0 0.0856833 0.356187 -0.930478 0 0.795079 0.538367 0.279302 0 3.83397 3.89029 0.410891 1)(nd StaticMesh (setVisible 1) (load models/lupperarm2.obj) (sSc 0.07 0.07 0.07)(resetMaterials matLeft matType2 naowhite)))(nd TRF (SLT 0.983979 0.10848 0.141482 0 0.0961808 0.345194 -0.93359 0 -0.150115 0.932241 0.32923 0 3.85334 3.91245 0.344709 1)(nd SMN (setVisible 1) (load StdUnitSphere) (sSc 0.01 0.01 0.01) (sMat matYellow)))(nd TRF (SLT -0.0538926 -0.350073 0.935171 0 0.986244 0.127897 0.104713 0 -0.156263 0.92795 0.338365 0 3.90507 3.9206 0.349345 1)(nd StaticMesh (setVisible 1) (load models/llowerarm.obj) (sSc 0.05 0.05 0.05)(resetMaterials matLeft naowhite)))(nd TRF (SLT 0.510233 -0.85477 0.0950238 0 0.856615 0.514937 0.0324081 0 -0.0766327 0.0648631 0.994947 0 3.92154 3.72638 0.252862 1)(nd SMN (setVisible 1) (load StdUnitSphere) (sSc 0.01 0.01 0.01) (sMat matYellow)))(nd TRF (SLT 0.48487 -0.824423 0.291938 0 0.856446 0.515213 0.0325027 0 -0.177206 0.234269 0.955885 0 3.92154 3.72638 0.25286 1)(nd SMN (setVisible 1) (load StdUnitSphere) (sSc 0.01 0.01 0.01) (sMat matYellow)))(nd TRF (SLT 0.488019 -0.82211 0.29321 0 0.818323 0.547807 0.17394 0 -0.30362 0.155055 0.940092 0 3.94225 3.72579 0.216408 1)(nd StaticMesh (setVisible 1) (load models/rthigh.obj) (sSc 0.07 0.07 0.07)(resetMaterials matNum6 matLeft naowhite)))(nd TRF (SLT 0.487581 -0.823271 0.290669 0 0.665616 0.13507 -0.73397 0 0.564996 0.551344 0.61384 0 3.94406 3.68694 0.103614 1)(nd StaticMesh (setVisible 1) (load models/rshank2.obj) (sSc 0.08 0.08 0.08)(resetMaterials matLeft matType2 naowhite)))(nd TRF (SLT 0.485038 -0.824308 0.291984 0 0.865184 0.500924 -0.0230546 0 -0.127258 0.263803 0.956145 0 3.90605 3.65489 0.076837 1)(nd SMN (setVisible 1) (load StdUnitSphere) (sSc 0.01 0.01 0.01) (sMat matRed)))(nd TRF (SLT 0.501775 -0.863418 0.0522613 0 0.864977 0.501271 -0.0232887 0 -0.00608919 0.0568905 0.998362 0 3.93288 3.66662 0.0363886 1)(nd StaticMesh (setVisible 1) (load models/rfoot.obj) (sSc 0.08 0.08 0.08)(resetMaterials matLeft naowhite)))(nd TRF (SLT 0.559698 -0.823129 0.0959044 0 0.825156 0.564249 0.0272297 0 -0.0765275 0.0638956 0.995018 0 3.86266 3.81875 0.242376 1)(nd SMN (setVisible 1) (load StdUnitSphere) (sSc 0.01 0.01 0.01) (sMat matYellow)))(nd TRF (SLT 0.558739 -0.808759 -0.183629 0 0.825343 0.563963 0.0274542 0 0.0813559 -0.166896 0.982612 0 3.86267 3.81874 0.242403 1)(nd SMN (setVisible 1) (load StdUnitSphere) (sSc 0.01 0.01 0.01) (sMat matYellow)))(nd TRF (SLT 0.561165 -0.807197 -0.183103 0 0.767549 0.424696 0.480107 0 -0.309778 -0.409959 0.857888 0 3.88281 3.83952 0.212636 1)(nd StaticMesh (setVisible 1) (load models/lthigh.obj) (sSc 0.07 0.07 0.07)(resetMaterials matLeft naowhite)))(nd TRF (SLT 0.562836 -0.805982 -0.183328 0 0.700103 0.582753 -0.41262 0 0.439399 0.103889 0.892264 0 3.89096 3.87132 0.096156 1)(nd StaticMesh (setVisible 1) (load models